25
50
10011111000101100000101101010110110
1000010110101111110110111010101110
10110000010111100000101111000001011
10110001001101100010011011000100110
10110011011101101010111011000001011
101100010011000010110100001101111
10011101110001101010111011001101110
10011111000101100010011011010101110
10011101110001101010111001010110110
10011000001111100110111000110101010
10110011011101100000101101110111011
10001101010100111011101100010110111
10110011011101101010111001001000100
10110011011101101010111001001000100
10001101010100110101010100010110110
10000011001110100100010000001100110
10011010101001100110111000001100110
10011111010010111011101111011011110
10000101101100101011011001101010100
10110110111100000110011101100000110
10000101101101100110111000110101011
10001101010111100110111001101010100
10011010101011101010111001101010101
10000101101100100100010000010110111
10011010101010111110001001101010100
1000010110110011000001110011010100
100111110100101101010100010001011
100111110100101101010100011110111
1001111101001000101101110110011110
10011111010010110101010011011011110
100111011100100010110111010001000
101101101111000001100110010100011
10011001111000001100110010001111
101111110100000101101101111101101
1001000111101111101001111000000
1000011011000001100110111000000
100101000110111110100101000011
10011001001001101010000001101
10111110110100001100110010100011
100100010110010111010010001011
100111011110011010100010001011
1001000011010001000111101101
100100001101000111101000010
100111101110011010100110011111
1001000101101000111100001110
10001101010001100000110010100011
100110011110000011001000100101
10000110110001101010001000010
1001100000001100000110111101101
100110010010110000011001000011
10000011001100001011011001100000110
1001100000110011101110010011010100
100011010100110110111101111110100
10000011001100001011011001110111001
10001011101000001100100110011110
1001000100000001100101111110100
1001000100000001100101111110100
100100011110110011110010100011
1000011011000110101001111101101
10111000000000110110011001001
100110000001111110100010001011
10111000000010001000011101111
1001110111101111011100100101
100100001111100111001100110
1001110111101111011100100101
100100001101100100101100110
100111011111111101101111001001
1000011011000001100110111000000
10000110110011101110011111101101
100110000000000110010111000000
1001111101001000011001111111110100
100110000000010111010110011111
1011111011010011010100011101111
100101000110110011110110011111
1001000100001100000110010001011
1011100111001000111101101000
1011010101110010100110001110111001
1001100000111000101101011011011110
10010001011111110110100001101
10010111000010010101011101
10010000000110011011110001
100101110011110110111100011
1001110111100011011001001011
10111001110111110110101101001
10110001001101001110111011
1000110101011011101110000011010100
10000011001000110101011011110111
100111110100100110101010010100011
10001011101000010110110011000000
1001000100000010110111010001111
10001011101000110101011010001000
1011011011110010010001000110011110
1000010110111011101110000010111010
101101101111001001000101010100011
1011000011000101111010001110
101110010100101010110001011
10110010110011011000011100
10110101101110000111110000011
10011001000110101100110011110
10111100101111000101111001111
10010001011010100011111001110
1001110111101010001101000011
10111000000010001000011101111
100000110101110111101101001
10011010010000111001101000
10011010010000111001101000
100100000011100100111000111
10011010000100001100110111
10110110000100001011110011
10010010100010010101000000
10001101110100001111000111
10001101110100001111000111
10011001001001011101000001110
1001000100000010110111011000000
100100001101000111101100110
1001010001101100000110011101111
100110011011100111011110011
1001111010010010100101111
100011011111100100111110011
100101110011100100111001000
1011110011001101110011001
1011001111111100000001011101
1011011000011001100010100
1001000000000011010011001
10110010000100000000110100
10001000011001000111001010
10110111101010010111000101
100011010011111111110000100
10010111101011101110000110
10010101011111111010101100
10001011110010000111110100
1011100101001110010011001000
10111001010111010110000011
1011010110100101111110011110
10110110101110010110011001110
10010001110110101100110011110
101110001111001000111011111
10011001100010010111111111
10011000000111110110101101001
1011111101000000110010110011111
1011100100101110111101001010
10111000000001011101000100101
1001111010001101110010100
10111110100110101101111110101
1000011101011000101100001111
1011000001101000111001111110
1011111011111011010011111101100
100111000011110011110111101101
1011001111001100100001110001
1011001100111100111111101110
1011110110101000101101101001
10011010000000110111110011
10110110000101110001111010
10111100110100101101111010
10011101100011011111110001
100000110101111011101101001
10011101100100101111100011
10010100100110100111110001
100101111010111011101110
1000100000110100001110010
100111001011000111111010
1011110001001101110001010
100001010110110001101110
100001010110110000011001
1011000000010000001101111
10010101011111111110010110
1011100011110001110010100
10010000000100001011000000
10010111010011011101110010
1001111010110001111101110
100101001011110011111011000
10110111111111111110000100
101110010100011001110000011
10110000100011100111011100001
1011100100000101111111001111
1011000010011010110100000000
10111000100110000110111001011
1001100100011010110000000000
1001100111001000111000100100
10111100101110000110010100111
1001100100011100010100100100
1011000101011100110111000110
1011100101101100100011101110
1011101001110010110001011
101110010010000111011110001
1001100000111011101110001111110100
1011100000011100000011110011
10011110100010000111001000
10111011111110010110010001001
1001000100101100111001110001
10001011110110110111000100
10111000101110000111010001001
10110000100111001000110011110
10011001000111001101110011001
10110001011111011111110011110
100111000010100010010101001101
101110110000001010111000100
101100100000001101001111
1011100111000011011011000111
10111100011100011100101111
101110010010000111001000000
1011111011010110011110110011111
10001101010001100000110010100011
10011110111000110110111001110
10001101110100001011011000
1011111111110010000001010
10111100110100101101110110
1011000000110110000101111
1011011101111000100101111
10110010110111010110000110
101100001110011001110110101
1011010110100110100110000100
1011010110100110100110001011
1011011010100101111110011010
10111000100110000110111110100
10110101100111011111110001011
10111001101011100111011001000
10110001011110101101110110100
10110101100111001000110001010
101110010100010100111110100
10110101101111011000010001001
1000110010010000110000110
1011111010011010110101000110
1000111101111010111000101
101110111111101111010101100
101100001111101110010001110
10010001110011100111111110100
100110100111100111001100110
10110011111010100011111101101
1011100100000110100110011010
100111000011110011110010101
1001101101101111110000110
10010000100100001001000000
1001010011001111110110101100000111
1000010110100111110001001110111001
1001000101011100000101101100000110
10010010001010110000011001000011
1011011011110111110110100110111
10010010001000001011011001000011
101101011000100011101111100
1000101000101010000111010
101111011011111011010101111
10000011010100001111111111
100110011011001111111100011
100101110101000010111010
10111000100110000111111001111
10110110101001111011001000
1000000001111000101010100111
100010111111111111111000100
100000000011110010111101110
100111110100100001100110010100011
10010001111000110110111101101
10011001111011011011110010001011
100000111001000101101011100
100001101100010111010111001110
10011001100100001111000111
1001110110010010100001010
100000111001010001101101001
10010111000010010101011101
10111000000001011101000100101
10010100011000011001001000011
100101000110000110010110011111
1000001100110011010101010010111010
10011010101000110000011101111101001
1011011011110001101010110010111010
10110001110110011001111010
1000101110100001011011100001110
10011001001111111010011110011
1000110111010000100011001
10110000110110010110110001010
100111001110110110111000100
1000111101110010011100111
10000011010100001111001000
1011001111101000101101001010
1001110111101100000000110111
101101101111001111101001111000000
10011110111011001001110011111
101000101110000100010100
10010001010100011011110001011010
10011010101010100100010100001100110
10011101110110110101010111011011110
10101011000001011
10100111110001011000001011
1000011011110100100010001001000100
10101100110111001001000101
100110000011101100000110111000000
10100111110001000110101011
10101100110111000001100110
101100010011001101010100111000000
100101111111011000011001000
1001100000011001111111110001
101100100001111010111001000
1011000111010010100101010
10011101111111110110101001010
100100100010001000101010011010100
10110000010111000001100110
1001001010010001011111010
10001010011001000110000100
10111001011010001110000001
1001111011010000111111110010010
10000101011111111110010110
100110000011000001100110010001011
1001000101111100000001000000
1011001111101100100111001000
1000110111011010011101110
101110001111110011110000111
10011101100100000000101111
100100000000001101111010
1011110011001101110011001
10111111111100100000110100
1001111010110001111101111
10011010010100001111110011
1000001100111011101110110000110010
10001011101001100000110011001001
10110000001110001100101111
1011100101100011101011000110
100000111101111111111000001010
10010000101110000000101010
1001110000111011010011001101111
100011111101111110011010
10011111111110001010111110101
10000011001110001011011001110111001
10110011010011001000111001011
10011100011101101111111000001010
10011010101111000100001110000010
10011000001011100000110111101100
101101010111111010101011100110110
100111110100001100000100101011010
10010010000011000010111110000010
100111011101011000001000111110011
101100110111101100000101101010101
101111001001111100000100111110010
101111011000111101100111110110011
101101010111111100110001110011000
101110111000101110110100100011
100010011111100100100010111011
101111011000011000100010110011111
10000000001111011000011111101100
1011111111110101100111001101
101101111110101100010001110
1000110100111001101111100101
10110101101010001110111001011
1011111010000011100111110111
100000000101000111011010100
1011111010111110010111011011111
100100011011000101111000100111
1011011010011010110011011011111
101100010101110010000000001
1011111010111100010011111101100
10001010111011010001010110111
101110001111001000111011111
1001010101101111010001110
1011101011111111110011010
1011101011110001110000100
1011101011110001010101100
101100001110110110110110100
10000101001011101111001101
101100000011001000110000110
1011011000011001100011001
1001011101010000000010100
1001100100101010001101101001
1011100111001111011101001011
1001011100011001100010000
10001001010000111011110011
10001011101011011011110111001110
10110111001110010110110101
100001101110011100011100000100
100010010011000101011000001010
101111101011100000110101001101
1011010101111110011011111100000100
10001001100100110010011
10111000101111001101111001000
1011001101111111100100100010111011
100111110101010100000010100000
10011110110011111101011101101110
1001111011000001110111100001010
1011101100110001011001101010110
1001111011000101000010111110101
10110001000111011011011101101100
10111011001011101111011110111100
10110001000111101111001110111100
10110001001011110110011101101110
10011001111111011011001110000011
10011010101111010101101110000010
101101010111111000100010110000010
10010010001111000010101100010000
10001011101111010101101100010010
101111001001111000010111100110110
10000111000000111101000110
10110011010111001011111001111
1011010100010100110111100110011
10110001011111100101011111111
10110000000001010111011000
10110110101110000111111001111
1011100110011110001100111110011
100000000011111010011001101111
100101001110001110011001101111
1011001100101000100111000001010
1001010011100011101011111101100
10110001100100011011100110010
101100001111101110110001010
101101011000010111100000000
10111110100110000110110011001
1001111111111100010001001001
100001110011010110100100100
10010101100111001000111110111
10110000100110000111010100111
10010001100110010000111101101
100000000000011101011101110
101110010000110110000111010
10110000111010101000011100
1011100100000110100111110100
10111110100110000100111001011
10001011110010100110110101
10011001001111000000111001001
10011000000000110110111101101
1011110011010010110101111
1001111100011111001100110100100000
1000011100111001101010001001
10001111111111111101111
1000100100010100111111001011
1011111011001110011011110101001101
10111011001011000001000100100000
1011000001001111101100111110110001
100110011111010101101011110010011
101100010011101111011011111100
10110110111110111101101010100111
100111011101011100110011110011001
1011011011111010100110101111110
1011000100111000110111011000110
10011101110101100010011111000110
10010010010010101111001011
101111011111000110110011110
100000010010101110010111
10011100011111100110011110
10111101111111011100001111
100000010111101101110011001
100000001010100110101110001
10110001000011010101101110000010
101111011100000010001001
10110011010110001011111000100
10110010110111011000111000101
10011001001111000000111001001
1001000101001001010110110
100100001101111011111110001
100010010011111010101111100011
1011111011111001111011110110000
100100010001101101111001100110
1001000101001001010110110
1001111101001000101101101111101101
101101101010101010111001011
1001010011100011101011111101100
1011100101111100010011101110
1011100101111100010011101110
1011001100111000101011110110000
1001010011100011101011111101100
1001110000101000100111111101100
101100101110110011100101001101
100000000000011101011101110
10110011001010001100101001101
1001010110111110001001110110101011
10011100001000000000010011
10110001110011011111100011
10000011001110011010101001110111001
1001000101101100100101000011
10111101100001101101111111100110010
10011000001001001000111100110110
100000111111100101100000000
10110000001111001111001000
10011001000110011010110101100
1000001111111001011010001001
1011110010011011101110100111101101
10111111011111000010111100010001
10111000001111001101100100100000
101101010101010101101011110010011
10110110111011000100010110101011
1001010000001111100101100110110
1001010001011100000110100100001
101110110011010101101011000100111
10111111010101111011000101011010
101100110110110101011110010101
101101010110011000001001111101000
100111110010110001001011000001010
1001101010110101011011111101110
10111011110111000010110111110011
1011001101101111001001011000001010
10111000001011010101000101011010
1000001111111110101111001111
1000101001110101101110
1011001111101111011100001110
1011111101101010001010011000100110
10011001100100001101101000
10010100101100100011000000
10000011001001110111001011000000
1000101110001001101010101
1001100100101010001101000000
10110011010110101100111001011
10111110110101010001101000010
10001010000101111110000110
10111011111011100111110101100
101100001110011001011001000
101100010100101011000010101
10000100111111000010111011
10011110110111111000100100011
1001110111010111011101101010100
1001110111010111011101101010100
100010010011011010011100110010
10111110100110110101011100001
1000000001110001011110010111
10011110110100000111001101111
1011111011011111110100111000000
10011000000011000000011110111
10011101110000111011100001110111000
1000101111111011000111011111
10011110110011010101101111001000
10111000001011000100001110110010
1011110010011110000010100001101110
1000000000010001001110000100
10111100101110110101110000111
10111001011011001000111000100
10010101100110101101111001000
1011001111001100111000011100
10000000101111110110010111
10011001000110001011011100111
10111001111011001000010101100
101101011001100101100010100
10110011001110110100110101100
10111011001001010110100001001
10110011011110001001111001011
10011111001100101110110000001
100111011101001001001011001110
1011100110010000001110000011
100100100000011111000111111100
1001110001010100111111100101
10000110111000100111111100
101111101110100011001000110
10110111000010100101111
10010101000111100101111
10110000010111111110110101100000111
1000010110110010010001010011010100
1001101010100001101010100110011110
10011111000101111110110100001100111
100001011010010001010101100000111
10010001111010001000010001011
100001101111010100110001010110110
1001111011101100000000001101
100000010100100111001101111
100100000011110011111010
101101111111011111110110101
10111000110101010011100111
101110110001101110111110100
101100000011001000110000110
10000110111000101010100100011
1011110010010110011011110111110010
1011100010011100010101110001
101100001110011001110011110
10111101110000111111110010011
100101001101010010010100100000
1011111011001010101101110110000010
1001010010110010000001010
10010001011010001011111001110
100010111000001011100010
10111110101011100001111001011
10011110110011100000111110110011
10010101101111111101100011100110010
10111011001011101100100110101011
10111011110111000010101100110110
1011000001001111101100011101110
101111110110011000110111110101
1011100010011000011000101111
1011000110110010111110110100
10010001001010001110110101101
10111011000001100111100011
10011100111011011011000000
1001000110000111010110000100
10010100111110001010111110100
1001100000101111001001111110110000
100111110011001011100111110110000
10110110111011000100100100100000
1011111101100110011001111001011
1000000100000000010001001
101110000011011000001011111011001
1000101110111110011001011110111
100110000010001011101111110110000
1011100100001101101101110
10000101101110011010101000110101010
10010010001001100110111001101010101
10001101010100111011101101101010100
101101101111001111101001010001111
10010101101101100110111000010110111
100001011011101101010100000110110
10000011001001110111001111000000
10010010001000101011011000010110111
10010010110100001011000111
1001110111101111011101000011
100010010111110110101101001
10110000010101100110111111110010011
1011000001010111101100010101011010
100101001111111011111111101100
100101111011100111111000100
1011000100101100000100000111011
1011110010011011111000111110000011
10000011110000000001010110111
10111000101111011000011100001
1001100111110100100001000101100
1011111010111000101001111101000
1011100110011111011101100110110
101101101111101010011010100100011
10001001010000111001011101
101111011010000111001101000
10000000100000010111101101
10010010000101001000010010111011
10110001001001111100111100000100
10011001111101111100110100100000
10111101100111101111001100010000
10110000101011100000110110011111
1000011101111110110010110000010
101110011000011010101111011011111
101110110010010010000111110110000
10111101100111100110000100100000
1011111011100000001110000110
100100011100011010011000000
101110111111100000011011000
101110010100111001011000111
101111110101111001100011110010011
101101101100011001111111111011001
100001001111110101010100111
101111110110001010011111110111
101110111001111111111000110
100111110100011001011111111101100
100111000111110010101111110
10111111011001100101110000001
100001101110011100001010100111
10111001100111101010001000110
10110110100111000100110101101
10000011001100100100010001111100010
1001100111100110000011000001100110
10011101110010001011011101111101001
10010000000100101001011101
100111011100101110111001000110110
100110000011001100000110000110110
1000110101011000011001110000110010
10000011001110110101010101100000110
10111001011011111111010100111
1001010011111111010100001111
1011110010010111100100110010111001
10011110110011000010111110011000
10000011000000101100000111011
1011000100001101101100000111011
1011000110111001100110010111001
1011100101101111111111111101100
1000011011100000011100110110
1011000100011100110110011001011
100010111011111101100011111011001
1001100111110100100011001101011
100010111011110101011111100001010
1001010110111111101100001101010101
10011010101100101110111111001000
1001010011001001010110110
10111000000000110110011001001
101101101111101010011010111101101
100111111000100100111110101
1001001000001111001001001110111010
100101000100001011001101010110
1000001100011111101111110110011
101101010110110001000011110010010
101110110011110000010011100110011
10010010000001111101000110011001
101110000011011001111101111100011
100100100001011111010000010101
1011110010010000110111011010100
1000000101000110111110100
100001110101110010001101110
1001110011011011011100111110011
100001101011101111001101010100
10010100111110000100111000101
100111110011110011011110111110000
100111110000111001100111100010001
10001011100100101010110011111
101100010010111001100110111110010
1011111011000011100011101010100
101100000101011001100111111011001
100111000100000001110001010
1001111100110101011011111011011111
1011001100011011011011110110011
10010001011001011101001001000101
10111101101011110111010100011
101111011010000111001000011
10111000000011000000011101111
10010001011011101111111101101
1001111101001011000001100110011110
10011010000011011111110011
101101101111001100000110000110110
10110111001011110101010
10110010111111001011111110101
10011111000001001000000100100000
100111001100011010111110111101
10110110110011011011101101010110
101100110000001101011111110
1000011101101110011011011001
10110101101011100111111001111
1001110000111001111011100110011
10011111000000101110110111110101
101110111101110101011001111000
10011111001101001000011111110111
1011000100000110011111010100010
10011001111100101110111100001010
100100101011100100111110001
1000001110010001111110011111
10111011001001101010111100000100
101101011101000001011010100
101101100101000001000111011
10111111010111011011100110000010
10011111010111100000110101011010
100110010100011010111101010101
10110101010001010110100111101101
1011001101101111011000101110001
1000010110011110010000010111011
1001001000011111011000011010100
10011111000011000001010000001
1011101110010100111010001001
1011100010011001011001110010
1001111101111111101111110110010
1001111111011111101011101010101
100010111011011111010000001001
1011010101111000000111000100111
100111110000011101110101110110010
100100100011111111011001110000011
100110000010111101100001111110101
1011001101111001001001100010000
101111101100000101011110000011
100101011011111111000101011010
10010101100111010001111
100100000111011011101110110010
1001111111001111101011101010101
1001101000011101111000110110
10010100100110100001011100
100000110100001110111001001
101111011010010010100001101
10011001100110100000110111
100111011100100001100100011010100
1011100000001110111100001110
101111101101010001111011001001
10011001110000111010011111111
10111110110001100110111111001101111
10110110111011100000101110110011
1001100101111101111011111110101
100101000011101101101000111011
1011001100001100101000110110
100001101001111101111001110
1011011000011010011101111
10110110101111011000110001010
1011111101100111101110101011010
1011110010011011111010001110000010
100100100001011111000111111001000
101100110111100000011100000100
10110101010101001000011100001010
1000001110010001000111001001
1011111101100011100010001001
10111111011000111111001111110
1011000001001101010111111110110000
1001100101111101111001110110011
1000110101111101111001100010010
1001010000101111101010110000010
101110011000011111000011100110011
10111011001001010110100001001
10000011000111100100011111011001
101100010001001011100101001001
100111110011111110110000001001
10111001111110001011111011000
101100100000001101110011111
10011001000111001101111001000
1011101110110011001011001110
101100110101100001110101111
10011110100100000000110111
10010001001110011010110000011
1011000101011010110000100100
1011111011111111010011011011111
10111011001001010110111011001011
100010111001111011100111110101
1011010101111011100010111110010
10011010101100010011110110010
100000000011000011100101111
100001101011100000110101011010
1001010001011000010110110011111
100100010000011010101100110101010
10010001011010001111011000000
1001110111101100100100001110
10011010000011011101000000
1001111011100001110111001110
100111101011011110101111
100110010010000111000100101
10011000000111000000011101111
10111011110011110110011101101101
1000010110011101111011111011001
10110101010111000001000100100011
1001100001011001010011010100
1001010001011110110011110111101
100001110110111110101000111011
10111111000111100111111100
100101011010110011011111110110010
10000111011111000001100110110
1011111011000111111011001110011000
1011000010100111110011011111011
10000011000111100100001100001
1011100000111100010010000011000
10001111010100100110110
10110011011110100100111000100111
1011000011011101000101111
10010111010010010101000010
1011010110011101111100110100
10011001000110011010110000111
101111001001111000001010000001
10111101100101111011000101011010
100111101100110001001001111100011
101101010110011111001111100110010
101110000011110101010111110110000
10010010000001010110111110011001
10110000011110011010111011111
1000110010111011011110011
101101101010110110111001000
1000000001111001101111100101
10110001011110000110111001101
10010101100111001101010001110
10010001110110001011111110100
10011001000010101100011111111
10000111010110110101110011110
101101101010011001110000011
101100000100111101100001101101110
10010010000101111011011111011001
10111001100101100110011110110011
10110011011001010011010110011111
10011111101101011001101110
101100101011101111010101011010
1011001011100000001110000100
10000101101110000110011101110111001
101101101111001111101001010001111
101101101111011011011110010100011
101110010010110100101101000
1001111101001000110110010001000
10011101110110000110011001110111001
101110010010011011111000111
10110011010110001011010001110
10110101011011100000101100010000
10111000001111100110001100010001
10011111001101010110100010111001
1001101011011100000010100000
1001010000011111101011110111100
1001100101111111101111110111101
10110011000001101011010100010
10110001000001001000111111110101
10110110010110010100110001
100101001101001001000101011010
100101011011100010011101010101
1011011011011110000010011111110
1011110110011101010101000101100
1011100100101000111100100101
1011010101111011110110111110110000
10111100101110000111111001101
10111110011100111100000000
10111000101011011000110100
10110000011111110100010001110
10000111010010101100111000101
10111011111110111001110110
10110011110000111010110101101
10111011110011000010110101011010
100111110101110101011011111011001
1011000110110011001111000100
1001010100111001001011101
10111000110011011111011000
10000111010010001110011111111
10110101100011100111111110100
10011111111110000011010100111
100000010100100111111101100
10011111000111100000101011111011000
10110101100110000110110000100
10010001110110000110111100101
10010001110110000111000111010
100110101011110011011111110110011
1011000100000100100001000111011
101100010001110101011111110111101
10111111011001111101010101001101
100110000010000110111000001111
10000101100110101010011100110010
1000100101011001001111000000
10111111011011111110110101101010101
10110101011100111011100000001100110
100011110101010110000110
10011110111110011111111101101
100110011110011110111111000000
1011011010100011100111100101
10110001000111100000101110000010
10110000010101100000101011000001010
10111100100101111011000101111100011
10111101100011100110111111110110000
100110011111011010101111110010010
10110101010111010101001100000100
10111110110011101010111101111101000
10011111000001001000010010111001
10110000101111010101001100010010
100111111011100101101111101000
1011000100010101011010000011000
100010111011110000010101100001010
1001111100011111111011001101010101
10110001001001001000011101101100
101110111110001010110000110
10001111111000111101110
1000010011101010011000110
100111111001000110111110101
1011000110010100111011100001
10110101101111011111111011000
10110001110101110001100110
10110000111111011000001111
101101011010111001110101010
10110000100110000110111011111
10110000011111110100110000110
10000111010111000100110010110
1001000110110110100010001110
1001100100000011100110000100
10110101011110111110001111110110001
10110011110111001011111110111
10110101100110101100111110100
100010101001001111101110
10110110111011011011000111110101
10111101100011111101100111010101111
100100011001000110111001011
10010001001010001001010001001
10011001000111100101011001110
1001000110011111111111110101
1000101010000111101001001
1011100110011001001111110110000
10111110011100101100001111
1001101010011101111001100001010
100101110101101001111101101
101110001100100000001010
1001001011010010100010000
1001100100111001111101011100
10011101110000100100010000001100110
10001001010110100100110111
10111011101111110110011111101100
10011110011100101011011001
10011100000110011000011001011
1001001000111111001001011111011000
1000101110011100000101011100110010
100100100001001011100111110010011
10110001000011000100001110011000
1011110110001010010000011010101111
100100011000001111110011110
10001010100100111111100
1000001111111110111010100111
1011010101111110110111111110011000
100100100001010101101111100001010
101100000100111100100101101101101
1011000010111101010101011001010
101110111101110110110000010111
10011010101011101010111001110111001
10010101001011110110110
10110001000101101010111100110110
10110101010001101010110101011010
1000010110011101111010111110101
10111111011111101111000111110101
10010101000101000011001
10001101110011011101011100
100011010100000011001001100000110
101111110100000011001001111101001
1011111101001101101111001110111001
100110010010100011111111110100
100000110101000011111001110
1011011011110110110111100011010100
1000010110111000011001100000110010
101111011010000110100110111
10110000100111000100010001001
10110000110110101101110011010
10110000110110110101110101101
10110101101110101101111000101
10110000100110000100110011010
10110011010110000100111001101
10011001000010001001000111010
10011010000110100001101000
10011001100000110101000010
1000001110010001011011001001
10111110110101100111100010111010
1000001100100111011100101111101001
101111101101000110110111000000
10011001100011011111001000
10010010100111011001110010
10011001000011001110110011110
1001111101011110111101010100010
100111000000011011011011001
10010010001101111100111110110010
10111000001001111100100111110010
10000101100010100010001101011
100100000100011010011111011
10110111100010100101111
100010111010010001000011000000
10000011100110011001001010
1011111010001000110110110100
1000010010101011011101110111010
1011000001111111010100000000
1000101111110000111111000101
1011101100111100010010011100110
10110000010000101110111110111101
1001111100011111001100101100010000
100010101001010111111011001
10111001000110000111010001001
1001000101101111011101101001
10110010001100011101111010
10110101011011100000101100001011
10110001001001111100000100100011
10110001000011101100111100010001
10110110110001111101011111011001
101110011110100011000000000
10010101101011001101100111110011
101100101111111101111111100
10110110110011110110011110111101
1011011010011000101000000000
10001010100100100000001
1001111101000000110111001010110111
10011111111110000011111110111
10011110110011010101101111110111
1011010100011111100101001101
100001010000101000110100
1011000101011000001100000000
10110011010110110101010101100
1011111101100000000111100110011
10111000101110000111110101100
10011101110100111110100001010110111
1000101000010100111001010
10111111011001110011001101111101000
10011010100011100000011111110
10110110110111101111001111011001
10011001011011001011010100001
10010100001011010100011111110
10001101011011100000011111011
10000101110111100111111110
1011010111111111000001111
10010101110101011111011001
10000011000000111011010100001
100110101000110000111001010
100101000010011011011001110
101100001010010100001110011000
10110000010011000100001100001010
101101101110000011000011001011
101111001001101111100001101010101
101101110111001000111110100
100110000011001000101101101000
1001110111001011101111111001001
100011011111011110101010
10110011010111001111110010111
100000001110101011110100100000
101110011100111101110001010
100110010010101000110010000
100111011001111010111001000
101110010010100001011000000
10111110110101100000001001011
101100100001110110111010
10010010110110100101000000
100001101110011110110111111101100
10011010101101101010110101011010
100010111011010010000111110010010
10110000010001111100110111110011
101100111100000111111010100
1011100110011011111000110010111011
1011100110011111001100100010111011
1001111011000111110010000011000
10001011100100101110010110011111
10011111001111001101100111101100
10010100010000011000011111011
100001101110000110111001010110111
10110011101110000111110000
10110101010111000100000111110010
1011000001111000001100000000
10110001001011001101101110110010
10110011011001010110100110011111
10111100100011101100111110000011
1000100111101010011101110
10010000010001011111010111
10110001011110001011000111010
10110101010011010101011100001011
10000101100010100000011001011
10110000101111110010001110000010
101110111101001101011000111011
100000011100110111111110110001
10110110111001101010000011010
100111001100111100111010111
101101101110000101100010100010
101101101101000111011010100010
1001111100101101101101000101100
10011100000111111100011000
1001111100001101101100010100000
1011000011111000001100001111
101111011000001100000101100001011
1000110100111000100110000011
1001100111100000110101000000
10111000101011111111110011001
1000000000011110110101111100011
101100110011101101111111000001010
1000101011100110111111111011000
1011100101000000001011111111
100100010111100011101111010
1001000010000011010101010
100110011110111111010011011000
100111011011110001111001000
100100101001011101001111
1011110011111000110101010
10000011010100101101110110
1001010100101010111001000
10111101100011101010111111110010010
10001011101101001000010100100000
10110011011001111100111100010010
10011001111111101100111100001011
100110110111001000110000100
10111001101111100101111110101
10110110101111110100111110101
10010010000101100000101110000011
10011010101101100000101100001011
10111110011111000000001
1011111100111000010010110
100111000010010010001111110
10011001111111000100011110011000
10111100100011100000111101010110
1000000000110010111111110101
10011101110101111011000001111101000
10111100100011101100110111101100
10111000001011101100101100001011
100110101011111100100100110000010
10001101011000011000011100000
1001001001001001111100110011
1000011011101101101111111100110010
10010100001011100000011100000
10010100001011111011011001010
100101000010111100000110110
1001101010111110111100000101100
10111100100100111110101010100001
100111110100011101100101101101100
101111101100111100000101110111100
100101011011111000100101110110011
101111011000101111100110111101100
1001001000001100001010001101011
10110001011111110011000100111
1011110011110101100111001111
10000011010110110110001011
1011000001001111110111011001011
10010000110001010111010
1011101011111010000011100
1001000100100101010010101
100111011111111001111011000
100110000000110100101100110
10011000000111001001111001001
1001100000011110110100100101
1001000011111101101111010
100110010011100111110010000
1001000010010010101101111
10010111011100000000101111
101111011010101110001010010
1011100000001110111101001011
101110010010100001011001000
10001010100101010001101110
100100011000000000111110111
100111000100100110000001
10010111100110100011100111
10010000110110100001010010
1001010010111010110101101
1011101011001011000000001
10111000111101111110101101
10111001111110010111000001
1011001101111111110110011100000100
1001010000001101010001100001
10011111001001111101011111110101
10000111011010100010011001010
1011101111001111110111000101100
10011111010111101111001111110111
1011101111011111110101000101100
10011100110011001010011111011
1011111101011110111101010100001
1001100101001100101100110110
100001110111111110111110011000
1011011001110110010011000
1000110101101100101100011010
10110001000111010101100111110010
10001011100111000100011101010100
100101011011111010101001100010001
100111110001111010101100111110101
10000000101111100111101101110
101100111110010100110001011
101111100111100100101110110011
101100010010000101100011111011
10011111001001111111001111001
10001010100101110010110011111
101101010110000110100001100
1001110001111100100101100010000
101100000100111111010100011010
100001011001101011111110100
1011101111010011011001111001
10010010000111110010001101010110
100111110010011001010011100110
101101110110110101110110101
10111110110100100101111001001
10111000101010001110110000100
10110101010011000100001100010000
10010010101100011100101111
10111110110101111011101000000
10010000110100101101111010
1011001000111111110101010
1011110011111100010010100
1011100111011100100111001000
1000110111010000000001010
100010100001111110110101
10110001011010001110110001010
10110000110111001101111100101
1011000010001000100100000000
10111001010110000100011111111
1001110011111100010000000000
10111011111110101100110110100
1011100010111000010001000110
1011100110100011100011100001
10011110101101110110110101
10110000111110000100110011110
1011100010001000100100001111
10000011111101010011100110011
1011100110011111101100000010111011
1000101010100100111100110010
10111011101111110110011111011000
10110101001111011111100110010
101100111100111000010000001
1001110111010110000010100111110000
10000011000111111011101000001
1000001100000011101101100001
100110010100100000111111100
10110000010011100000100111110101
10001011100111110010001101101110
101110011001011100110001111001000
101111011000101111011001101101101
10111011001001101010011111110
100101001011100010000001111
1000001110011011000011100
101101101001111110110011111011000
100111101111111001111110001
1001100110111111111101110
10001011101111000100011110000011
100101000000110000111110100
1011000010111101101100011111110
10000111111110101110100
10011111001111010101011101101110
100000000011001100101001001
10001011101101100111111110000010
1011110111111101100000100100000
101111101100111001101100111101100
10010010000101100000101110110010
10010100001011001010110011000
