50
50
10011101111010001011011110111
10011101111010001011011110111
10011101111010001011011110111
10011101111010001011011110111
10011101111010001011011110111
10011101111010001011011110111
10011101111010001011011110111
10011101111010001011011110111
10011101111010001011011110111
10011101111010001011011110111
10011101111010001011011110111
10011101111010001011011110111
10011101111010001011011110111
10011101111010001011011110111
10011101111010001011011110111
10011101111010001011011110111
10010001011010001011011110111
10010001011010001011011110111
10011101111010001011011110111
10011101111010001011011110111
10011101111010001011011110111
10011101111010001011011110111
10110011111011001001011110111
10110011111011001001011110111
10110011111011001001011110111
10110011111011001001011110111
10011101111010001011011110111
10011101111010001011011110111
10011101111010001011011110111
10011101111010001011011110111
10010001011010001011011110111
10010001011010001011011110111
10011101111010001011011110111
10011101111010001011011110111
10011101111010001011011110111
10011101111010001011011110111
10011101111010001011011110111
10011101111010001011011110111
10011101111010001011011110111
10011101111010001011011110111
10011101111010001011011110111
10011101111010001011011110111
10011101111010001011011110111
10011101111010001011011110111
10011101111010001011011110111
10011101111010001011011110111
10011101111010001011011110111
10011101111010001011011110111
10011101111010001011011110111
10011101111010001011011110111
10011101111010001011011110111
10011101111010001011011110111
10011101111010001011011110111
10011101111010001011011110111
10011101111010001011011110111
10011101111010001011011110111
10011101111010001011011110111
10011101111010001011011110111
10011101111010001011011110111
10011101111010001011011110111
10011101111010001011011110111
10011101111010001011011110111
10011101111010001011011110111
10011101111010001011011110111
10011101111010001011011110111
10011101111010001011011110111
10010001011010001011011110111
10010001011010001011011110111
10011101111010001011011110111
10011101111010001011011110111
10011101111010001011011110111
10011101111010001011011110111
10110011111011001001011110111
10110011111011001001011110111
10110011111011001001011110111
10110011111011001001011110111
10011101111010001011011110111
10011101111010001011011110111
10011101111010001011011110111
10011101111010001011011110111
10010001011010001011011110111
10010001011010001011011110111
10011101111010001011011110111
10011101111010001011011110111
10011101111010001011011110111
10011101111010001011011110111
10011101111010001011011110111
10011101111010001011011110111
10011101111010001011011110111
10011101111010001011011110111
10011101111010001011011110111
10011101111010001011011110111
10011101111010001011011110111
10011101111010001011011110111
10011101111010001011011110111
10011101111010001011011110111
10011101111010001011011110111
10011101111010001011011110111
10011101111010001011011110111
10011101111010001011011110111
10011101111010001011011110111
10011101111010001011011110111
10011101111010001011011110111
10011101111010001011011110111
10011101111010001011011110111
10011101111010001011011110111
10011101111010001011011110111
10011101111010001011011110111
10011101111010001011011110111
10011101111010001011011110111
10011101111010001011011110111
10011101111010001011011110111
10011101111010001011011110111
10011101111010001011011110111
10011101111010001011011110111
10011101111010001011011110111
10010001011010001011011110111
10010001011010001011011110111
10010001011010001011011110111
10010001011010001011011110111
10011101111010001011011110111
10011101111010001011011110111
10110011111011001001011110111
10110011111011001001011110111
10110011111011001001011110111
10110011111011001001011110111
10011101111010001011011110111
10011101111010001011011110111
10011101111010001011011110111
10011101111010001011011110111
10011101111010001011011110111
10011101111010001011011110111
10011101111010001011011110111
10011101111010001011011110111
10011101111010001011011110111
10011101111010001011011110111
10011101111010001011011110111
10011101111010001011011110111
10011101111010001011011110111
10011101111010001011011110111
10011101111010001011011110111
10011101111010001011011110111
10011101111010001011011110111
10011101111010001011011110111
10011101111010001011011110111
10011101111010001011011110111
10011101111010001011011110111
10011101111010001011011110111
10011101111010001011011110111
10011101111010001011011110111
10011101111010001011011110111
10011101111010001011011110111
10011101111010001011011110111
10011101111010001011011110111
10011101111010001011011110111
10011101111010001011011110111
10011101111010001011011110111
10011101111010001011011110111
10011101111010001011011110111
10011101111010001011011110111
10011101111010001011011110111
10011101111010001011011110111
10011101111010001011011110111
10011101111010001011011110111
10011101111010001011011110111
10011101111010001011011110111
10010001011010001011011110111
10010001011010001011011110111
10010001011010001011011110111
10010001011010001011011110111
10011101111010001011011110111
10011101111010001011011110111
10110011111011001001011110111
10110011111011001001011110111
10110011111011001001011110111
10110011111011001001011110111
10011101111010001011011110111
10011101111010001011011110111
10011101111010001011011110111
10011101111010001011011110111
10011101111010001011011110111
10011101111010001011011110111
10011101111010001011011110111
10011101111010001011011110111
10011101111010001011011110111
10011101111010001011011110111
10011101111010001011011110111
10011101111010001011011110111
10011101111010001011011110111
10011101111010001011011110111
10011101111010001011011110111
10011101111010001011011110111
10011101111010001011011110111
10011101111010001011011110111
10011101111010001011011110111
10011101111010001011011110111
10011101111010001011011110111
10011101111010001011011110111
10011101111010001011011110111
10011101111010001011011110111
10011101111010001011011110111
10011101111010001011011110111
10011101111010001011011110111
10011101111010001011011110111
10011101111010001011011110111
10011101111010001011011110111
10011101111010001011011110111
10011101111010001011011110111
10011101111010001011011110111
10011101111010001011011110111
10011101111010001011011110111
10011101111010001011011110111
10011101111010001011011110111
10011101111010001011011110111
10011101111010001011011110111
10011101111010001011011110111
10010001011010001011010001011
10010001011010001011010001011
10010001011010001011010001011
10010001011010001011010001011
10011101111011001001010001011
10011101111011001001010001011
10011101111011001001010001011
10011101111011001001010001011
10110011111011001001011110111
10110011111011001001011110111
10110011111011001001011110111
10110011111011001001011110111
10011101111010001011011110111
10011101111010001011011110111
10011101111010001011011110111
10011101111010001011011110111
10011101111010001011011110111
10011101111010001011011110111
10011101111010001011011110111
10011101111010001011011110111
10011101111010001011011110111
10011101111010001011011110111
10011101111010001011011110111
10011101111010001011011110111
10011101111010001011011110111
10011101111010001011011110111
10011101111010001011011110111
10011101111010001011011110111
10011101111010001011011110111
10011101111010001011011110111
10011101111010001011011110111
10011101111010001011011110111
10011101111010001011011110111
10011101111010001011011110111
10011101111010001011011110111
10011101111010001011011110111
10011101111010001011011110111
10011101111010001011011110111
10011101111010001011011110111
10011101111010001011011110111
10011101111010001011011110111
10011101111010001011011110111
10011101111010001011011110111
10011101111010001011011110111
10011101111010001011011110111
10011101111010001011011110111
10011101111010001011011110111
10011101111010001011011110111
10011101111010001011011110111
10011101111010001011011110111
10010001011010001011010001011
10010001011010001011010001011
10010001011010001011010001011
10010001011010001011010001011
10011101111011001001010001011
10011101111011001001010001011
10011101111011001001010001011
10011101111011001001010001011
10110011111011001001011110111
10110011111011001001011110111
10110011111011001001011110111
10110011111011001001011110111
10011101111010001011011110111
10011101111010001011011110111
10011101111010001011011110111
10011101111010001011011110111
10011101111010001011011110111
10011101111010001011011110111
10011101111010001011011110111
10011101111010001011011110111
10011101111010001011011110111
10011101111010001011011110111
10011101111010001011011110111
10011101111010001011011110111
10011101111010001011011110111
10011101111010001011011110111
10011101111010001011011110111
10011101111010001011011110111
10011101111010001011011110111
10011101111010001011011110111
10011101111010001011011110111
10011101111010001011011110111
10011101111010001011011110111
10011101111010001011011110111
10011101111010001011011110111
10011101111010001011011110111
10011101111010001011011110111
10011101111010001011011110111
10011101111010001011011110111
10011101111010001011011110111
10011101111010001011011110111
10011101111010001011011110111
10011101111010001011011110111
10011101111010001011011110111
10011101111010001011011110111
10011101111010001011011110111
10011101111010001011011110111
10011101111010001011011110111
10011101111010001011011110111
10011101111010001011011110111
10010001011010001011010001011
10010001011010001011010001011
10010001011010001011010001011
10010001011010001011010001011
10011101111011001001010001011
10011101111011001001010001011
10011101111011001001010001011
10011101111011001001010001011
10011101111011001001010001011
10011101111011001001010001011
10110011111011001001011110111
10110011111011001001011110111
10110011111011001001011110111
10110011111011001001011110111
10110011111011001001011110111
10110011111011001001011110111
10011101111010001011011110111
10011101111010001011011110111
10011101111010001011011110111
10011101111010001011011110111
10011101111010001011011110111
10011101111010001011011110111
10011101111010001011011110111
10011101111010001011011110111
10011101111010001011011110111
10011101111010001011011110111
10011101111010001011011110111
10011101111010001011011110111
10011101111010001011011110111
10011101111010001011011110111
10011101111010001011011110111
10011101111010001011011110111
10011101111010001011011110111
10011101111010001011011110111
10011101111010001011011110111
10011101111010001011011110111
10011101111010001011011110111
10011101111010001011011110111
10011101111010001011011110111
10011101111010001011011110111
10011101111010001011011110111
10011101111010001011011110111
10011101111010001011011110111
10011101111010001011011110111
10011101111010001011011110111
10011101111010001011011110111
10011101111010001011011110111
10011101111010001011011110111
10011101111010001011011110111
10011101111010001011011110111
10010001011010001011010001011
10010001011010001011010001011
10010001011010001011010001011
10010001011010001011010001011
10011101111011001001010001011
10011101111011001001010001011
10011101111011001001010001011
10011101111011001001010001011
10011101111011001001010001011
10011101111011001001010001011
10110011111011001001011110111
10110011111011001001011110111
10110011111011001001011110111
10110011111011001001011110111
10110011111011001001011110111
10110011111011001001011110111
10011101111010001011011110111
10011101111010001011011110111
10011101111010001011011110111
10011101111010001011011110111
10011101111010001011011110111
10011101111010001011011110111
10011101111010001011011110111
10011101111010001011011110111
10011101111010001011011110111
10011101111010001011011110111
10011101111010001011011110111
10011101111010001011011110111
10011101111010001011011110111
10011101111010001011011110111
10011101111010001011011110111
10011101111010001011011110111
10011101111010001011011110111
10011101111010001011011110111
10011101111010001011011110111
10011101111010001011011110111
10011101111010001011011110111
10011101111010001011011110111
10011101111010001011011110111
10011101111010001011011110111
10011101111010001011011110111
10011101111010001011011110111
10010001011011001001111000000
10010001011011001001111000000
10011101111010001011011110111
10111001110011101111011001001
10011101111010001011011110111
10011101111010001011011110111
10010001011011001001111000000
10011101111010001011011110111
10011101111010001011011110111
10011101111010001011011110111
10111001110011101111011001001
10111001110011101111011001001
10011101111011001001010001011
10011101111011001001010001011
10111001110010001011011101111
10010001011011110111011001001
10011101111011001001010001011
10011101111011001001010001011
10011101111011001001010001011
10011101111011001001010001011
10011101111010001011011110111
10011101111010001011011110111
10110011111011001001011110111
10110011111011001001011110111
10011101111010001011011110111
10011101111010001011011110111
10011101111010001011011110111
10011101111010001011011110111
10011101111010001011011110111
10011101111010001011011110111
10011101111010001011011110111
10011101111010001011011110111
10011101111010001011011110111
10011101111010001011011110111
10011101111010001011011110111
10011101111010001011011110111
10011101111010001011011110111
10011101111010001011011110111
10011101111010001011011110111
10011101111010001011011110111
10011101111010001011011110111
10011101111010001011011110111
10011101111010001011011110111
10011101111010001011011110111
10011101111010001011011110111
10011101111010001011011110111
10011101111010001011011110111
10011101111010001011011110111
10011101111010001011011110111
10011101111010001011011110111
10011101111010001011011110111
10011101111010001011011110111
10010001011011001001111000000
10010001011011001001111000000
10011101111010001011011110111
10011101111010001011011110111
10111001110011101111011001001
10111001110011101111011001001
10110011111111001110010001011
10010001011011001001111000000
10010001011011001001111000000
10111001110011101111011001001
10011101111010001011011110111
10011001001111000000011110111
10010001011011110111011001001
100100001111001111100001110
10011101111011001001010001011
10011101111011001001010001011
10011101111011001001010001011
10011101111011001001010001011
10011101111010001011011110111
10011101111010001011011110111
10110011111011001001011110111
10110011111011001001011110111
10011101111010001011011110111
10011101111010001011011110111
10011101111010001011011110111
10011101111010001011011110111
10011101111010001011011110111
10011101111010001011011110111
10011101111010001011011110111
10011101111010001011011110111
10011101111010001011011110111
10011101111010001011011110111
10011101111010001011011110111
10011101111010001011011110111
10011101111010001011011110111
10011101111010001011011110111
10011101111010001011011110111
10011101111010001011011110111
10011101111010001011011110111
10011101111010001011011110111
10011101111010001011011110111
10011101111010001011011110111
10011101111010001011011110111
10011101111010001011011110111
10011101111010001011011110111
10011101111010001011011110111
10011101111010001011011110111
10011101111010001011011110111
10111001110011101111011001001
10011101111010001011011110111
10010001011011001001111000000
10010001011011001001111000000
10011101111010001011011110111
10111001110011101111011001001
10011101111010001011011110111
10011101111010001011011110111
10111000000011000000000110110
10011101111010001011011000000
10111001110011101111111000000
10011101111010001011011110111
10110011111111001110010001011
10110011111111001110010001011
10010001011011110111011001001
10011110111011000000111000000
10011101111011001001010001011
10011101111011001001010001011
10011101111011001001010001011
10011101111011001001010001011
10011101111010001011011110111
10011101111010001011011110111
10011101111010001011011110111
10011101111010001011011110111
10011101111010001011011110111
10011101111010001011011110111
10011101111010001011011110111
10011101111010001011011110111
10011101111010001011011110111
10011101111010001011011110111
10011101111010001011011110111
10011101111010001011011110111
10011101111010001011011110111
10011101111010001011011110111
10011101111010001011011110111
10011101111010001011011110111
10011101111010001011011110111
10011101111010001011011110111
10011101111010001011011110111
10011101111010001011011110111
10011101111010001011011110111
10011101111010001011011110111
10011101111010001011011110111
10011101111010001011011110111
10011101111010001011011110111
10011101111010001011011110111
10011101111010001011011110111
10011101111010001011011110111
10011101111010001011011110111
10011101111010001011011110111
10011101111010001011011110111
10011101111010001011011110111
10011101111010001011011110111
10011101111010001011011110111
10011101111010001011011110111
10011101111010001011011110111
10010001011011001001111000000
10011001001011110111011000000
10011101111010001011011000000
1011110110101000011011101111
100100001100001110010001011
10010001011011001001010100011
10011001001011110111010001111
10010001011011001001111000000
10011101111010001011011110111
10111001110010001011011101111
10011101111011001001010001011
10011101111011001001010001011
10011101111011001001010001011
10011101111011001001010001011
10011101111010001011011110111
10011101111010001011011110111
10011101111010001011011110111
10011101111010001011011110111
10011101111010001011011110111
10011101111010001011011110111
10011101111010001011011110111
10011101111010001011011110111
10011101111010001011011110111
10011101111010001011011110111
10011101111010001011011110111
10011101111010001011011110111
10011101111010001011011110111
10011101111010001011011110111
10011101111010001011011110111
10011101111010001011011110111
10011101111010001011011110111
10011101111010001011011110111
10011101111010001011011110111
10011101111010001011011110111
10011101111010001011011110111
10011101111010001011011110111
10011101111010001011011110111
10011101111010001011011110111
10011101111010001011011110111
10011101111010001011011110111
10011101111010001011011110111
10011101111010001011011110111
10011101111010001011011110111
10011101111010001011011110111
10010001011011001001111000000
10011101111010001011011110111
10111001110011101111011001001
10011101111010001011011110111
10010001011011001001111000000
10011101111010001011011110111
10111001110011101111011001001
10011101111010001011011000000
10111001110011001001010001111
100111011110111101111111101101
10010001011111000000000110110
10111001110011110111010100011
10111001110011101111111000000
10011101111010001011011110111
10010001011011001001111000000
10011101111010001011011110111
10010001011010001011010001011
10010001011010001011010001011
10010001011010001011010001011
10010001011010001011010001011
10010001011010001011011110111
10010001011010001011011110111
10011101111010001011011110111
10011101111010001011011110111
10011101111010001011011110111
10011101111010001011011110111
10011101111010001011011110111
10011101111010001011011110111
10011101111010001011011110111
10011101111010001011011110111
10011101111010001011011110111
10011101111010001011011110111
10011101111010001011011110111
10011101111010001011011110111
10011101111010001011011110111
10011101111010001011011110111
10011101111010001011011110111
10011101111010001011011110111
10011101111010001011011110111
10011101111010001011011110111
10011101111010001011011110111
10011101111010001011011110111
10011101111010001011011110111
10011101111010001011011110111
10011101111010001011011110111
10011101111010001011011110111
10011101111010001011011110111
10011101111010001011011110111
10011101111010001011011110111
10011101111010001011011110111
10011101111010001011011110111
10111001110011101111011001001
10011101111010001011011110111
10010001011011001001111000000
10010001011011001001111000000
10111001110011101111011001001
10110011111111001110010001011
10111001110011101111111000000
1000001110011101111011000000
1000001110011101111010001111
10111101101110011111011000000
1001000011111001110111000000
10010001011011001001010100011
10010001011011001001010100011
10110011111111001110010001011
10111001110011101111011001001
10010001011010001011010001011
10010001011010001011010001011
10010001011010001011010001011
10010001011010001011010001011
10010001011010001011011110111
10010001011010001011011110111
10011101111010001011011110111
10011101111010001011011110111
10011101111010001011011110111
10011101111010001011011110111
10011101111010001011011110111
10011101111010001011011110111
10011101111010001011011110111
10011101111010001011011110111
10011101111010001011011110111
10011101111010001011011110111
10011101111010001011011110111
10011101111010001011011110111
10011101111010001011011110111
10011101111010001011011110111
10011101111010001011011110111
10011101111010001011011110111
10011101111010001011011110111
10011101111010001011011110111
10011101111010001011011110111
10011101111010001011011110111
10011101111010001011011110111
10011101111010001011011110111
10011101111010001011011110111
10011101111010001011011110111
10011101111010001011011110111
10011101111010001011011110111
10011101111010001011011110111
10011101111010001011011110111
10111001110011101111011001001
10111001110011101111011001001
10011101111010001011011110111
10010001011011001001111000000
10011101111010001011011110111
10110011111111001110010001011
10010001011011001001111000000
10011000000010100011010001000
10011010000110100101000011
100100010110101000110110011110
101110000000100011110011010100
1000001110011101111011000000
10011101111010001011011000000
10011001001011110111010001111
10111001110011101111011001001
10011101111010001011011110111
10010001011010001011010001011
10010001011010001011010001011
10010001011010001011010001011
10010001011010001011010001011
10010001011010001011011110111
10010001011010001011011110111
10010001011010001011011110111
10010001011010001011011110111
10011101111010001011011110111
10011101111010001011011110111
10011101111010001011011110111
10011101111010001011011110111
10011101111010001011011110111
10011101111010001011011110111
10011101111010001011011110111
10011101111010001011011110111
10011101111010001011011110111
10011101111010001011011110111
10011101111010001011011110111
10011101111010001011011110111
10011101111010001011011110111
10011101111010001011011110111
10011101111010001011011110111
10011101111010001011011110111
10011101111010001011011110111
10011101111010001011011110111
10010001011010001011011110111
10010001011010001011011110111
10011101111010001011011110111
10011101111010001011011110111
10110011111011001001011110111
10110011111011001001011110111
10110011111011001001011000000
10110011111011001001011000000
1000001110011101111011000000
1001000011010001011010001111
10111101101011001001010001000
101111011010110010010110011110
101110010010111011111111101101
101111011011110011101111101101
100111101110101000111111110100
10010001111001101010000010110110
10111101100111101100110100100011
1011000010011100101001110010
1011111011010110000011001010110110
10011000000001011101000001100111
10111001001011101111010001000
10000011100110010011111101101
10010001011011001001010100011
10011101111010001011011110111
10011101111010001011011110111
10010001011010001011011110111
10010001011010001011010001011
10010001011010001011111001110
10010001011010001011010001011
10011101111011001001010001011
10010001011010001011011110111
10011101111010001011011110111
10011101111010001011011110111
10011101111011001001010001011
10011101111010001011011110111
10011101111010001011011110111
10011101111010001011011110111
10011101111010001011011110111
10011101111010001011011110111
10011101111010001011011110111
10011101111011001001010001011
10011101111011001001010001011
10011101111011001001010001011
10011101111010001011011110111
10110011111011001001011000000
10110011111011001001011000000
10011101111010001011011110111
10011101111010001011011110111
10011101111010001011011110111
10011101111010001011011110111
10010001011111001110011101111
10011110111010001011111000000
10010001011010001011011110111
10110011111011001001011000000
1001000011111000000010100011
1001000011010100011010001111
1000001101011101111011110111
100110010010001101100000110010
101111101101001101010000001100111
100100011110111011100111010101110
10011101111110110111100001011010
101110000000001011011010
10010001111000101101100100010100
100101000110110000011011000001011
1011001111101010001101110111001
10001000001101000011001001
10011100110110001000001010110111
10111011110001010110100010011
1011000100001111101100111010100
100000000111001011011001000
1011100100101000100001110111011
1011001111101000111100010110110
10111001110011001001000110110
10010001011011101111011000000
1000001110011101111010001111
100110010010111101111111101101
10011110111011001001011101111
1001100100101000101101000011
1001000101111100000000001110
10111001110111000000011101111
10010001011011001001010100011
1001000011011101111011110111
1000001110010001011011101111
10111001110111000000011101111
10111001110010001011011101111
10011101111010001011011110111
10010001011011000000010100011
1001000011011101111010001011
10111001110011101111111000000
10010001011010001011011110111
10010001011010001011111001110
10011001001011110111110011111
10010001011010001011111001110
1000001110010001011011001001
1000100101111000000010100011
10111101101011000000010001111
10010001011011001001111000000
10011101111011101111011101111
10011101111010001011011110111
10011101111010001011011110111
10010001011111001110011101111
1011100111000001110110011111
10010001011011101111011000000
10111001110011110111010100011
1001000010111001110010001011
10010000110101000111111101101
10011000000000011001000110101010
1011011010000011100111011111
100111110000011111000111111100
101111001000010010000111101110
10011111001001001000000010011
10011100110110001000001111101000
1000010111110110111011000001010
100011000010000011100001011
100100010000001011011010
10010010001111100110010110011001
101101101111111001111000101111
101110010110011010001000011
10110000101101010110111110110100
1001001000010000001111000100
1000011000110010101100010001
1011000101111101111111000111
101110000001110000000011010100
10111000000011001001010001111
10010001011010001011000110110
1000001110011101111010001111
10000011100000111000001110
10111001110011101111111101101
10011001001011000000110011111
101111011010000111000100101
10010001011011001001010001111
10111001110011001001010001111
1001000011011001001011101111
1011110110101000101100001110
10011001001111000000011110111
10110011111111001110010001011
10110011111011001001011110111
10110011111011001001011000000
10010001011011001001010001111
10010001011011101111011000000
10010001011010001011111001110
1001100100101000101100001110
10010001011010001011111001110
10011101111010001011011110111
101111011010110010011111101101
1001000011011110111000110110
10011001001011001001111000000
10011001001011101111010001011
10010001011010001011011110111
10011101111010001011011110111
10011101111011001001111001110
10011110111011000000111000000
1000001110011101111011000000
1001000011111001110111000000
10011110111111000000010100011
10000110110001011101000010110110
101110011111111001011101111
10110010100110010100100100011
1001111001110000101011000100111
1011001010110000101011100110010
1001010111110110111011110010011
1001010111110110110011111011000
1001101011111100100011101110
1011010111110110110111011011111
10111001110000011001010
100010110011010111101010110
101100001000011001011101111
10110001010111001010111001001
100111110001100100100111011111
1011011011000100100001111110101
1001010111111111011101111101000
100011000011110001100010000
100000110010001011101000001100111
100111101110010010100001110
10010001011011101111010100011
1001000011111001110010100011
10010001011111000000000110110
100100011111111101101010001000
1011001111111001111101000011
10111000000111000000111000000
10011101111110011111000110110
100100010110100010111111110100
1000001110011110111011110111
10111101101111000000010001011
10111001110011000000011000000
10111001110011110111111000000
10111001110011101111111000000
10111001110011101111011000000
100110000000110000000000110010
100000111000001110011000000
10010001011010001011011110111
10010001011010001011111001110
10010001011010001011011110111
10010001011011101111011000000
100100010110111011111111101101
10010001011110011111010001111
10010001011111001110011001001
10011001001011101111010001011
10010001011010001011011110111
10011101111010001011011110111
10110011111011001001010001011
10111001110011110111111000000
10111001001110011111011001001
10110011111011110111010001111
10111101101110011111011110111
101111101101000011001001110111000
10000000111001100100110100
10011000010111110101000001
1011111100110101011011000110
10111101100111000100111110011010
1011111011011010
10111011110111110010010010100111
1011001010110101011001110001
1011001110110110110001001001
101100001101101111010100011
100111111100000110000101011010
10011000010001110110100100001
10110011011011000100111110000011
1011111101100111110101110010110
1000110110011111010111111011000
101110011001111001100100101111
101101010111111011011111110000011
10111110110111100000001111101001
10000110110011101111010001011
10111000000011001001011000000
1000001110011101111011000000
10111101101011001001010001000
100110100101000011111000000
10111101101011101111111000000
10011101111011110111010001000
101110011100100010110011010100
10000011100100010110010111010
101111011011110000001111110100
1000001101011110111010001111
1001101001110011111011000000
1001000011011110111000110110
10110011111011110111010100011
1000001110010001011111000000
10010001011010001011000110110
10011101111010001011010100011
10010001011011001001111000000
10011101111011001001010001011
10111001110011101111011001001
10010001011011101111011000000
10011000000110011111010100011
1011100000000001110111000000
10010001011111001110011101111
10011101111011001001010001011
10011101111010001011011110111
10011101111010001011011110111
1000001110110011111011101111
10010001011011000000010100011
10110011111111000000111000000
1000100101011001001011000000
10011110111001011101001101010100
10110101100001010001011100
101100101001010000011010101111
10010000011101010110011100001
10111111101100001011111110101
100111110110100100001011001000
10000011110011111111101101
100001000011111010111100110011
10111000010111101100111110111
1011100001011111010111101110
1011001011011000000010100011
10010101011110001110011111
10111100100100001101110011111111
100010011011001110111011111
100111111111110010001101111
100101000110011010101101111100010
10010001111001101010001110111011
100000110010001101010001101010101
10010001011111101101011000000
1001100100100001110010001011
1001110111101000101101000011
1001000011011001001011101111
10111001110011001111000010110111
100101000110111011100101111100010
1001000011011001111001101010101
10111101101111110110101001000101
101100011101000011000110110
1011000111001001011111101101
100101110001110111101100000110
100111101111101101111011010101110
100110010010110000011001111100010
1000001110001011101000001100111
100000110111111011011111101101
1000100101011000000010001011
10110011111011101111111101101
10111000000011110111010001011
10010001011011001001111000000
1000001110010001011011001001
1000001110010001011011101111
10010001011010001011010001011
10010100011011101111011001001
10010100011011101111011101111
1000001110011110111111001110
1001000011011000000011101111
10110011111011001001010001011
10011101111010001011011110111
10011110111111000000010100011
101111011010000111001000011
10110011111011110111111001110
10111101101011000000010001111
101110000000000110011001111100010
1011000100001111001001000100100
10011110001101101110000001
10001101101100001011111110101
10011110010111101100010100111
1011011001110110110011110111
101100111001110000011110010010
1000110101100011101111000001010
10111000001011110110010001001
1001000100111111000101010
10110101100111110111110101101
10110000110010100111110001011
1011100101001100111000110100
1011100110011001011100111110111
10011101110110011010101111000100110
10011001110011001110111000100
10111100011111000111110011
10111000000011000000010001000
100111101110110010011111101101
10111001110011101111011001001
1011110110101000101100001110
10000101101110001011011101101010100
10011100111011001000111000101
10110101001111001001101001001
101110001000001001110110100
101100110100000001110011110
101110001010010011110011110
1001110011111000110110110100
101110011010001001110011110
1011010110011101110110000011
1001100111001111101000010100111
1001111110010101101110010011
100101010111011000001111
1000011011000101110100110011110
10010100011010001111111001110
1011100111011100111001000010
10111001110111001110010001011
10111001110011101111111000000
1000001110010001011011001001
10111001110010001011011101111
10011110111111001110011101111
10011001001010001011111001110
10111101101111000000111001110
1000100101011000000010001011
10110011111011001001011110111
10011101111010001011011110111
10011101111011101111110011111
10011101111011001001111001110
1011001111101111011100001110
100111011110100010000110011110
10110000111000101001000010
1001101011111011110001010110111
1001000001110001000011010100
101111111001111100101111100
1001000001111000001111000110
1000110101101010000101010110111
100101111110011001111011111
10110110111100100011000110100
10010010001010000001111100101
1001011110101000100110011111
101110010000110010101110110011
101100010110111000001110000010
101110011010110010110111110011
100010111010010100111111001000
1011000001010000110101101010110
10111100011100010111101111
10111110110000101011011111101110
10011010010111101110011010100
10111101101011110111011000000
1001000011011000000111000000
100100010111101101111000010110111
1011001101111011010101101010110111
10011001001111110111110101100
10011101110110111101101010001001
10011001100000110001100110110
1001101000001101101111011001
1001001011001101100111110101
101110010010111111100111110010
1001001010001101100111110101
10001101110110010101110000010
10010100011111011001111000001010
1000001100111110011001010101100
100111001000001111111000100
100100011001001001111110111
10010001000010100011011110111
1001000101111100000000001110
10111001110111001110111001110
10011110111011001001010001111
100111101111110000001111101101
10011101111010001011011000000
10110011111111001110011110111
10111001110011101111111000000
10110011111011001001011000000
1000001110010001011111000000
10011101111010001011011110111
10011101111010001011011110111
10011101111011101111011001001
10011001001111000000011110111
1011001111101111011100001110
10010000110101000111111101101
1001010010010000100011010100
10110011100101000100010111011
1001010111011110110001111110
1000110110011111001001110001
1000101110010110101011110011110
100100001101110011100001101
10110000100110000101011110110001
101110001010110101001100010000
10110010110000110101110000011
10001101010111100000101000100100
10000101101011111101100111001011
101011010110011110001
1000101111010101110111110010
10011000001100101001101011001110
1001100000110000111010111010
100101001101110101011011111011000
101100011001110001110000011
100101110000011011000010110110
10000011010100011110110011110
1011110110111111011010011010100
10110000111000101001000000
10110000111111001011110101101
101100110101100110001101010101
1011011000011000010111101100
1001101000001101101101101110
1001100110010000011101101110
1000001101000110101100001010
1001000011001101101101101110
1000001100100111000001110000011
1001000011110110011111110111
1011011000001101101110000011
10111001101000101111110000010
1000000000111001100011000100111
10011111111000001011111111
10001101010110110000011001001000101
1011111011010001101101111110100
100110010010111101111111101101
101111101101111110110111011011110
1000011011000011011001110111001
100111101110111101111111110100
1000001110011101111011000000
10110011111011001001011000000
10010001011011001001010100011
10010001011011101111011000000
10011101111010001011011110111
10011101111010001011011110111
100111011111110011100010111010
10011001001011001001010001000
1000001110010001011011101111
1001000011111000000010100011
100100010000111110100111000001011
10011000010001110110010111011
10011000011100001011110011001
100110010110001110110000001
100000110111000001111110001
100001110100110010111101010100
101111001010001011001100010000
10111000110111101101111110101
10010111111111010011111111
1011110010011110110110111110010011
10110111111001101100001001
100100101111001101100001101110
1011111111110001001011111101100
101001011101000110110
10000011110000110000111110000
100100001111100100001010010
10001001111101110011100001
100111011110000110011001100000111
10001001010110000011001100000111
1000001110000011001011010101110
101100010101111001010011001
10111001010010100111110000110
101110001000110010101101010101
1001110110111000001011010101111
1001100111101110001000010100
101110110000010011110001010
101100101101100011000000001
1001101010101010101001000000
1000001101001011101111011011111
10110110111100111101101010100111
100100001100000000011100111
100100101111100110111110011
101110010001101101001101110
10011100001000001111000100
1001010011010111110001101111110
1000000001011001110110101101
1001110111001000011001110010111000
10000100111010100110001010
1011111011000010101101110001001
100111101110111101110010111010
10111001110011110111010100011
10011110111011000000111000000
10111001110111001110111001110
10011001001011101111010001011
10010001011010001011011110111
10011101111010001011011110111
100111011110110010010000110010
1001000011111001110010100011
10110011111011110111111001110
10010010110000111001000011
1011111101000000110011011010101110
10011100000111101100111110110001
1001111001110110111011000110
101100110000101000100101001101
100100001000011101001010010
10011100101111001001101111110
100110011110110000011111000101
10110101101111001100101111100
10110011000110010101101101100
100111000111111011001110010111
100111101111110111000000001
100101001001111101010101011010
101001110010110011111
100011001110001000011001101111
101101101111000000000011100111
1001111101000010000011101101100
1010001101010110001011010
10111100110111001001000000
101111110110000101110110001101110
101100000110111101101110110100
10111110110000001110111100110110
10111111011010010000010100011
101111110110111000010011000000
10011110111011100001111001101
100101001101011111000011000100111
1001110111111110110101100000110
10111111011001111001001011101110
10110111001000110111001101
100001110001111011000110101011
1000100000001001110010111
1001101100001110100011001
101111110110011001101111110110100
1011001100111110110000011001110
101100010011111000100010111101101
101110001111010110001111010
1001100111001001001010001001
100010011011111000111111100
10001100111000011001110010
1011110001011011011001000
1011010100000001111110101
1001111101001000011001000001100111
100101000110110000001111110100
10111000000011001001011110111
1011001111111001111101000011
10010001011010001011011110111
10011101111010001011011110111
1001000011011001001011101111
100000111011100000000001110
1001000101101000111100001110
10111101101010100011011101111
100111011110110000011000110101010
101101101110010101101011110111
101101100101111100100010101
1001100001011111001000100100
1011000100001101010100111110111
1001010011011111001001101000110
101100110111111101111010101011010
10111001101111100100100010011
10011101111110011001111000101
1001100000110000001111110100
100010000010101111100001010
10101111101100000100100
1001001000101110000101011110110001
1001000000010101111100001010
100111011101101010110111111110111
101011001011011110011
10111001111110000101111110010011
100101001011000110110000011
1001010001111100110011110011001
10000101101101100110111111010100
101000000000111001000
101110110000110101001110110010
101000101111111001001
10000000111111101110100100001
1001110000111011011111110011110
101111101100011011011100100100000
10000011001110100011100101111
100100010010110010101110000010
1001100000110111110100001111
10000110111011011011100100100001
1011101111111000101101111010
1001110110001100101000011
1001110001111100100001010110111
10011110111000111010001111
10110001010011000001011111101100
10000111010011000001011100110011
10010010100001001111001111
1011111010111011011010111110000
100010010111000011011100011
100001101110110000010011111101100
10001001101110111010111110111
10001100111101100001010010
1001000100000011011001100000110
10010001011011001001111000000
10011101111010001011011110111
10011101111010001011011110111
10010001011010001111011110111
1011110110101110111100100101
1011001111101000101100100101
1001000011011000000011001001
100000110101000100000001100110
10011001000001100101000010
1011001001111011110111100110011
10010101111100010000110010111
1011001110110000101011110111
101100010010010101101000000000
10111000110111111110011001
100010111101100000100101001101
101101011000110101001100010001
100001010000110101110000010
1001001011110101111101101110
10010100011011000011101010110
1001000011011110011111011001
10111101101001101101110000011
1000110111010101111101101100
10110001110101000011101010100
100111011100000000000110110101
101101101010101000001100001011
1011101011011001000101100
1001011100011110001111110101
101100011111001110010100010
1001111010000101111110000011
1001110010111001100011110110000
100110101010011000101101111010
100001010000001111100101
10100101110011011011110
10111011111011110001110111100
1001000101010001001111001011
1001010110110011001110110010110
10011100100000001111001111
10110111100000000110000111
1011110001011100001110000110
1011011011110111110101110101101
101101011010101000011110011000
101011110011011000000
1000101110100111000100000001
1011100000001001000000000001
10011101110011110011001100000000
1001000011001001100000001
100111110100111100101000110111
100100101111100110101110110
1011110110001111011001101010110111
1000011011001100000001110111001
101110011101110000001111101101
10110011111011001001011000000
10011101111010001011011110111
100100001101000011111000000
10011000000111000000010001000
10111000000011001001011000000
1001000011010001011011000000
100111101110110101010011001101110
10001011100101110001111100101
101101100111100000110001001
100111100111010101101111100
1011001010110110111001001001
100111111011101110011100111
100110011011111101100000111010
1001010100110010111110110010
1011000011111101111000100100001
1011111101101110110100111011111
10100010011110001011
1001010010010101110111110010
100001011011111000100111010100111
1000101110100101011011101111110
101111110100111100100011110110001
1001000010000110101111001000
10110011011101111101100111101110
10110001110001011001101010101
101001111011101110111011
1010110011110110000110
100011010101001111100011000001
1010011001110110101101
1001111011101111011000010111001
1000110101010001011101101001001
1011100000001111100100010111001
1011000100110111100100100010011
1001100110010101111111110101
100111011100111100000110110101011
10110001110101000011101010110
1000101001100110001111011001
100100010101010100111111001101
100101110111011011000100100000
100110011011111101010110000010
1011000100110011111000111111100
10110110000101000011100010000
101111110100011111001101111100011
10010010100111111100111110101
1011000001011001011100111101110
10011000000011110110001110111010
1001010001111110010011011100001
10111100010111110001100001111
1000001101110011010111010
1011100011001100111001000
10000011100101000110000110010
10110011111010001011010100011
10011101111010001011011110111
1001100000001111011111011011110
100000111001000011111000000
10000110110011001001000110110
101110011100110010011111110100
10110110101010111101001011
10111101010000110000100100001
100110101111000100000010101
1011001010110101011001110001
10011110011100010000110011001
1001100101001110000011110010010
100110101010101000111001011101
1000000001000101111100001011
100110101010011101111101101001
10010010000000011111101101101
100011010101000001111011100111
101100010111100110001101010101
100101110101001001110000011
1001000010111110111010101100
101001100111000110100
100010100011000011101101100
1000010100111000001110000011
1000100101110001001011100110010
100000111011111101100111001111
101100111100110010111101010101
1001001000101010001001111000101
101110111110001110111110000010
100010010111111101111101010101
1001101001011010111110111101
100111101110001110111100010010
1011110001111111101101101101
101101101111011001101100001101110
10110000000111001100111101100
101000000001110010110
10001101000111110111111011001
10001101000110101000111101100
101111101101111100100100010011
1001011110111111101111001000
10011101110010010111011000001
1001100110111000001011010101111
10001000011111101110111110011
10010010001001111011000011010100
10001100111111110000111011
1001111101001110000101011110110001
1011000000000101111100010000
1001110010111110110010010011
1001110011101110001110000011
10001101001110010000011001
10010001011111110110111011011110
10110011111011001001011000000
10011101111010001011011110111
101100111111100111111111101101
100111101110110010011111101101
100111101110000111000001110
1000110101001101101111001101010101
10010100000110001000011011011111
1011011001110101011011110111
1011111110111000001000001111
10110010101101010101110010111
1000011111100010000111110111
10000111011111001100000100100
101110001111000101101000000
1000100101111001010111001001
10000011000111111011111000001010
1000110101101010001011110010010
1011100111011000011101001010
101110001100000000110101101
101110001010110010000101010
101100110010001001111001111
1001010010110001010110000111
1011000111110011001010101100
100110000011011100110111111111
100011110101001101110110100
1011110110111100010101011101
100110110110011110011100111
100011010001000110111001000
1000100101110001010111011000
1010111001111111000101
100101010001101101110111100
10010001010111001101011111111
10110000111111110110011111100
1001100110011001000111010
10010000001100010100110110
100011001000001110000011
10001000000100100010101100
1001000101111000011001011101
1000110111111001111111011111
101110000000111111110110110
1000001101111110111110110101
1011000111010100111110000111
1001110111001010101000001101
10011011001110111010110010111
10011101110110100010010110110
100111011100011100110010110011001
10111001010000101111101101100
10010111000101011000010100
10011111101100011001000110
101111110100011001111001100000110
1000001110010001011011001001
10011101111010001011011110111
10011101111010001011011110111
10111001110011001001010001111
1000001110110011111011001001
10010100011011001001011110111
1001000011110011111010001000
10110010010111000001100010010
1011010111110110110011111101100
100001111110000101011111101100
1011100001111011110011000100111
10110011000011111010111111101100
101100001010111111010111100110010
1011011011111110101011011000100111
1011010101111111111010111111011000
10011111001000010110011010101111
101100010000111101100111100110010
101100000111110011001101000110
10010001101100010011100100100
1000001111111110101110001011
100010101010100111111000100
10000001110110111111111100
1000010101101011000011001
101100110010111110001111000110
10001001001100110111101111110
1011000001100001111111000100
10000100111110110000111110111
1000000010001101110111001011
100111111110001101110110011110
1001100100011011011001100110110
1001101010101111110100111011000
10011110110111000010100110101011
10000000000101001101111001011
1001000100100000000110110101
10000000111000100111011100001
10000001010101101110010101
10110000000111001110010000
1001110001000110111000000000
1011011010001111110011001000
10110011001111110110000010011
100101001111101010111101110001
10000011111110011001101000110
1011111001110011001101000110
10111011100100100000000001
1000101000010101010001001
10000000010110010110111110010
1001101010101010001110111011111
100000001111101100010111101101
100100011110111011100101100000111
10111001110011001001010001111
10010001011010001011010001011
10011101111010001011011110111
10011101111010001011011110111
1000001110011110111010001011
1000100101110011111111001110
10011000000011001001000110110
10110000001111000100110111
1011010101111000000100000000
101111110110000000000110011010
100000001110001010111000101
1000011100000111000101010
101100000000001111110110101
10111001101110101011001111100011
1011101111111111101010100100000
101110110000101000001100110110
101110010000001011000100100000
10110001011111011110011110010010
100111011011101110110110100
101001111011101110111001
10110110111101110000000011010100
1001100000001000100011011011110
1011111101000001101100011010100
1000110101000100011110011010100
1000110101000100011110000110010
10001101010001010001101100000110
101111110100111110110101110111001
1000011011000011011000010110111
10011010101000001011011001111100010
10011111000111111001001001111101000
10011101101110001010010100
101100010011111000100010100100011
10010101101101101101111000110101010
10001011101001000111101110111001
10011001111000011011000001100110
101111110100111110110101110111001
1001100111100100011110011010100
1001100111100100011110011010100
10111111010011111011010000110010
10111111010011111011010000110010
100110000011001000111111011011110
100110000011001000111101111101001
100011010100111110110100001100110
10001011101000011011001101010100
1001100100100100101000110110
100000111100011011101111100
1001001010011100111001111
100000001110000010011111011001
1000010110111000011001001001000101
101110011100111101110110011110
10011101111010001011010100011
10011101111010001011011000000
10011101111010001011011110111
10011101111010001011011110111
1000001110011110111010001011
10110011111011001001011110111
100100010110111011111111101101
10110011111010001011010001000
1001110111111111101000000110010
100110000000000110011001101010100
101111011010100010000000110010
100100100010101000111101110111001
1000010110100010111111001000
101101011000110010111100010000
10010101011110110010100100001
10001010011011011011100000100
100101001011110110010010111011
101100101100011010111100010001
1000111100101110010001101110
1010111001110000110110
10011001111001000011111001110
10010001011010001011010001011
10011101111011001001010001011
10011101111010001011011110111
10011101111010001011011000000
10011101111010001011011000000
10110011111010001011010100011
10110011111010001011010100011
101100111110100010111111101101
1011100100101000011011110111
10011111111110001010011001000
100011010100000011001000001100110
10110011111111001110111000000
10010001011011001001010001111
1011001111100001110011001001
10111000000111000000010100011
10011101111010001011011110111
10011101111011001001010001011
10011101111011001001010001011
10111001110011101111011001001
10111001110011101111111000000
10111001110011101111111000000
10111001110011101111011000000
10111001110011101111011000000
101111110100111111010001110111001
10111000100111000100110110101
10111101111111011100100100
100010111010001011101000010110111
10010001011011001001010001111
1011100100100100101111001110
100110000000101000111111110100
10011101111010001011011000000
10011101111010001011011110111
10011101111010001011011110111
10111001001011101111010100011
10110011111011110111010001111
10011101111010001011011000000
10111001110010001011110011111
10011001001010001000111001110
100110100111100111001001011
1000100101011101111110011111
10011101110011110011101111101101
100111011100111001011001010010
1011001111011010101100010111001
1011111101100110001000111111011000
10010010001111011011011110110010
10001101000111101101011100001
10011001000110011011011110110001
10111001101110001001110001001
100100100010000001110110011111
1001000111100001110110011111
10011101111011101111011101111
10111001110011101111011001001
10011101111010001011011110111
10011101111010001011011000000
10011101111010001011011000000
10110011111010001011010100011
10110011111010001011010100011
10110011111010001011010100011
100111101110101000111111110100
1001000111111111011010010111010
10111001110011101111011000000
100111101111110000001111101101
1000001110110011111011001001
10010100011011000000010001000
10110011111110011111011101111
10011101111010001011011110111
10011101111011001001010001011
10011101111010001011011110111
10111001110011101111011001001
10111001110011101111111000000
10111001110011101111111000000
10111001110011101111011000000
10111001110011101111011000000
1000001110110011111011110111
100110000000101000111111110100
1001000111111111011010010111010
100110010010111101111111101101
10111001110011101111011000000
100110010010111101111111101101
10011101111010001011011000000
10110011111111001110011110111
10011101111010001011011110111
10011101111010001011011110111
100111011110110000001111110100
1000001110011001001010100011
10110011111011101111111001110
10011110111010100011111001110
1011001111101100100101001011
1001110111111100000001100110
10111000000010100011010001011
1001100000000001101111001110
101100110111001101001000110110
101100010011011001111100010110110
100011001110111111011000
100001101100111011100101100000111
100001011011001010001101100000110
1001010110110011001001010001000
1011111011011100100001000000
1000010110110011001001011110111
10111000000110011111110011111
10011101111011101111011101111
10011101111010001011011110111
10011101111010001011011110111
10011101111010001011011000000
10011101111010001011011000000
10110011111010001011010100011
10110011111010001011010100011
1000001110011101111011000000
1001000011111001110111000000
10110011111111001110111000000
10010001011011001001010100011
10010001011011001001010100011
10111001110011101111111000000
10010001011011101111011000000
10011001001011001001111000000
10011101111011001001010001011
10011101111011001001010001011
10011101111010001011011110111
10011101111010001011011110111
10010001011011001001010100011
10010001011011001001010100011
10010001011011001001010001111
10010001011011001001010001111
10111001110011101111011000000
1000001110110011111011110111
100110010010111101111111101101
1000100101111101101011101111
10110011111111001110111000000
10010001011011001001010100011
10011101111010001011011000000
10010001011011001001010100011
10011101111010001011011110111
10011101111010001011011110111
10111101101111001110011101111
10111001110011110111011001001
10010001011010001011111001110
10111000000011110111111001110
1011001111111100111001000010
10011001001011000000110011111
1000001110010001011011101111
10011101111110011111011110111
10010001000111001001011110111
10001101010001000011010001000
100100010111110011100010111010
100111011110110010010000110010
1001110111100001110010100011
10010100011111001110010100011
10111110110100001110011110111
1011100000011100100100001110
10010001011111001110011101111
10111001110010001011011101111
10011101111010001011011110111
10011101111010001011011110111
10011101111010001011011000000
10011101111010001011011000000
10011101111010001011011000000
10111001110011101111111000000
10011101111010001011011000000
10011101111010001011011000000
10011001001011110111010001111
10110011111111001110011110111
10111001110011101111111000000
10011001001011110111011000000
10010001011011001001111000000
10110011111111001110010001011
10110011111011101111111001110
10111001110010001011011101111
10111001110011101111011001001
10111001110011101111011001001
10111001110011101111111000000
10011101111010001011011000000
10011101111010001011011000000
10011101111010001011011000000
100111101111110000001111101101
10111001110011101111111000000
10010001011011001001010100011
10010001011011001001010100011
10010001011011001001010100011
1000001110110011111011101111
10110011111111001110010001011
10011001001011110111011000000
10011101111010001011011110111
10011101111010001011011110111
10011001001111000000010001011
10011101111011001001111001110
10011110111010001011011001001
1011100111000001110110011111
10011001001011001001011101111
10011001001111000000011110111
1001000011011101111011110111
100110010010111101111111101101
1001000101101000011011001001
100001101101110000001111110100
10010001011110011111010001111
10111001110111001110010001111
1001000011111000000010001111
1001000011010001011111000000
10011110111110011111011000000
10000110110011001001000110110
10011001001011001001111000000
10010001011011110111011001001
10010001011011001001111000000
10010001011011001001111000000
10010001011011001001010100011
10010001011011001001010100011
10010001011011001001010100011
10010001011011001001010100011
10011001001011110111010001111
10011001001011110111010001111
10010001011011001001010100011
10010001011011001001111000000
100100001100001110111001110
10010001011011001001111000000
10110011111111001110010001011
10011001001011110111011000000
10010001011011110111011001001
10010001011011110111011001001
10010001011011001001111000000
10010001011011001001111000000
10010001011011001001010100011
10010001011011001001010100011
10010001011011001001010100011
10010001011011001001010100011
100100001100001110010001011
10010001011011001001010100011
10011101111010001011011000000
1000001110110011111011001001
10011101111010001011011110111
10011001001011110111011000000
10111000000011000000010001111
100100001100001110111001110
10011101111010001011011110111
10011101111010001011011110111
10110011111110011111110011111
10000011100000111000001110
10111000000111000000010100011
100111101111110000001111101101
10011101111010001011011000000
10110011111111001110111000000
10111001110011101111011000000
10011001001010001011010001111
100110000000111101111111101101
10010000110010010100001110
10010001011011001001010100011
1000100101011101111011101111
10111001001011110111011001001
1000001110011110111011110111
10010100011111001110010100011
1011100000000100101011001001
10010001011111001110011001001
10011101111010001011011110111
10011101111010001011011110111
10011101111010001011011110111
10011101111010001011011110111
10011101111010001011011110111
10111001110011101111111000000
10111001110011101111111000000
1011110110101000011110011111
10111001110011101111011001001
10011101111010001011011110111
10011101111010001011011110111
10011001001011110111011000000
10111001110010001011011101111
10011001001111000000011110111
1000001110111001110110011111
10011101111011001001010001011
10011101111011001001010001011
10011101111010001011011110111
10011101111010001011011110111
10011101111010001011011110111
10011101111010001011011110111
10111001110011101111111000000
10111001110011101111111000000
10011001001011110111011000000
10010001011011001001111000000
10011110111111000000010100011
10111001110011101111011001001
10011110111111000000010100011
10010001011011001001111000000
1011100100111110110100100101
10011000000010001111010100011
10011101111010001011011110111
10011101111010001011011110111
10010001011010001011011110111
10011000000011000000010001111
10111001110110011111011110111
10111001110011101111011000000
1001000011111001110010100011
10110011111011110111000110110
10010001011011001001010001111
10010001011011101111010100011
10011001001011101111011000000
10010001011010001011011110111
10011101111111000000011110111
10011101111010100011111000000
10111001001011001001111001110
10110011111111000000011001001
10011000000011101111111000000
10111000000110011111011001001
10010001011010001011011110111
10011101111010001011011110111
10011101111010001011011110111
10011101111010001011011110111
10011101111010001011011110111
10011101111010001011011110111
10011101111010001011011000000
10011101111010001011011000000
10111000000011000000010001111
100100001100001110111001110
10011110111111000000010100011
10110011111111001110010001011
10011001001111000000011110111
10011101111011001001010001011
10110011111011101111111001110
10011110111011000000111000000
10011101111011001001010001011
10011101111011001001010001011
10011101111010001011011110111
10011101111010001011011110111
10011101111010001011011110111
10011101111010001011011110111
10011101111010001011011000000
10011101111010001011011000000
10011101111010001011011110111
10110011111111001110010001011
10110011111111001110010001011
10011001001011110111011000000
10011101111010001011011110111
10010001011011001001111000000
10011001001111000000011110111
10110011111011101111111001110
10011101111010001011011110111
10011101111010001011011110111
10011001001011101111011000000
10011001001011101111011000000
10011001001011101111011000000
10010001011011101111011000000
1000001110011001001010100011
1000100101111000000010100011
1000100101111000000011000000
1000001110011001001011000000
10011001001011101111011110111
10011001001011101111011110111
10011101111011001001010001011
10110011111011110111111001110
10011101111011001001111001110
10011101111011001001111001110
10011101111011001001111001110
10011101111011001001111001110
10011101111010001011011110111
10011101111010001011011110111
10011101111010001011011110111
10011101111010001011011110111
10011101111010001011011110111
10011101111010001011011110111
10011101111010001011011110111
10011101111010001011011110111
10011101111010001011011110111
10011101111010001011011110111
10011101111011001001010001011
10011101111011001001010001011
10011101111011001001010001011
10011101111011001001010001011
10011101111011001001111001110
10011101111011001001010001011
10011101111011001001010001011
10011101111010001011011110111
10011101111010001011011110111
10011101111010001011011110111
10011101111010001011011110111
10011101111010001011011110111
10011101111010001011011110111
10011101111010001011011110111
10011101111010001011011110111
10011101111010001011011110111
10011101111010001011011110111
10011101111010001011011110111
10011101111011001001010001011
10011101111011001001010001011
10011101111011001001010001011
10011101111011001001010001011
10011101111010001011011110111
10011101111010001011011110111
10010001011011101111011000000
10010001011010001011011110111
10011001001011101111011110111
10010001011011101111011000000
1000001110011001001010100011
1000100101111000000010100011
1000100101111000000011110111
1000001110011110111011110111
10011101111010001011011110111
10010001011010001011010001011
10010001011010001011111001110
10010001011010001011111001110
10010001011010001011111001110
10011101111011001001111001110
10011101111011001001111001110
10110011111011001001010001011
10011101111010001011011110111
10011101111010001011011110111
10011101111010001011011110111
10011101111010001011011110111
10011101111010001011011110111
10011101111010001011011110111
10011101111010001011011110111
10011101111010001011011110111
10011101111010001011011110111
10011101111010001011011110111
10011101111011001001010001011
10011101111011001001010001011
10011101111011001001010001011
10011101111011001001010001011
10011101111011001001111001110
10011101111011001001010001011
10011101111010001011011110111
10011101111010001011011110111
10011101111010001011011110111
10011101111010001011011110111
10011101111010001011011110111
10011101111010001011011110111
10011101111010001011011110111
10011101111010001011011110111
10011101111010001011011110111
10011101111010001011011110111
10011101111010001011011110111
10011101111010001011011110111
10011101111011001001010001011
10011101111011001001010001011
10011101111011001001010001011
10011101111011001001010001011
10011101111010001011011110111
10011101111010001011011110111
10011101111011001001111001110
10011101111011001001111001110
10010001011010001011111001110
10011101111010001011011110111
10110011111010001011010100011
10110011111010001011010100011
10010001011010001011011110111
10011101111011001001010001011
1000001110011110111011110111
10110011111011001001010001011
1011100000001110111100001110
1011100000001110111100001110
10110011111011001001010001011
10110011111011001001011110111
10011001001011101111011110111
10111000000111001110011000000
10010001011010001011011110111
10011101111010001011011110111
10011101111010001011011110111
10011101111010001011011110111
10011101111010001011011110111
10011101111010001011011110111
10011101111010001011011110111
10011101111010001011011110111
10011101111010001011011110111
10011101111010001011011110111
10011101111010001011011110111
10011101111010001011011110111
10011101111011001001010001011
10011101111011001001010001011
10011101111011001001010001011
10011101111011001001010001011
10011101111010001011011110111
10011101111010001011011110111
10011101111010001011011110111
10011101111010001011011110111
10011101111010001011011110111
10011101111010001011011110111
10011101111010001011011110111
10011101111010001011011110111
10011101111010001011011110111
10011101111010001011011110111
10011101111010001011011110111
10011101111010001011011110111
10011101111011001001010001011
10011101111011001001010001011
10011101111011001001010001011
10011101111011001001010001011
10011101111010001011011110111
10011101111010001011011110111
1011001111101111011100001110
1011001111101111011100001110
10011101111011001001111001110
10011101111011001001010001011
10110011111011001001011000000
10011101111010001011011000000
10011001001011101111010001011
10010001011010001011010001011
10111101101111000000011110111
10111101101111000000011110111
1001100100101000101100001110
1001100100101000101100001110
1000001110011110111011110111
1000001110011001001011000000
10011001001011101111011000000
10011001001011101111011000000
10010001011011101111011000000
10011101111010001011011110111
10011101111010001011011110111
10011101111010001011011110111
10011101111010001011011110111
10011101111010001011011110111
10011101111010001011011110111
10011101111010001011011110111
10011101111010001011011110111
10011101111010001011011110111
10011101111010001011011110111
10011101111010001011011110111
10011101111011001001010001011
10011101111011001001010001011
10011101111011001001010001011
10011101111011001001010001011
10011101111010001011011110111
10011101111010001011011110111
10011101111010001011011110111
10011101111010001011011110111
10011101111010001011011110111
10011101111010001011011110111
10011101111010001011011110111
10011101111010001011011110111
10011101111010001011011110111
10011101111010001011011110111
10011101111010001011011110111
10011101111010001011011110111
10011101111011001001010001011
10011101111011001001010001011
10011101111011001001010001011
10011101111011001001010001011
10011101111010001011011110111
10011101111010001011011110111
1000001110011110111010001011
10110011111011001001010001011
10010001011010001011111001110
10010001011010001011111001110
10011101111010001011011110111
10011101111010001011011110111
10010001011010001011111001110
10011101111011001001111001110
10111101101011110111011000000
1000100101111000000011000000
10110011111011001001011110111
10011101111010001011011110111
1000001110011001001011000000
10111101101011110111010100011
1000001110011001001011000000
1000001110011001001011000000
10110011111011001001011000000
10110011111011001001011000000
10011101111010001011011110111
10011101111010001011011110111
10011101111010001011011110111
10011101111010001011011110111
10010001011010001011011110111
10010001011010001011011110111
10010001011010001011011110111
10010001011010001011011110111
10011101111010001011011110111
10011101111010001011011110111
10011101111010001011011110111
10011101111010001011011110111
10110011111011001001011110111
10110011111011001001011110111
10011101111010001011011110111
10011101111010001011011110111
10011101111010001011011110111
10011101111010001011011110111
10011101111010001011011110111
10011101111010001011011110111
10011101111010001011011110111
10011101111010001011011110111
10011101111010001011011110111
10011101111010001011011110111
10011101111010001011011110111
10011101111010001011011110111
10011101111010001011011110111
10011101111010001011011110111
10011101111010001011011110111
10011101111010001011011110111
10011101111010001011011110111
10011101111010001011011110111
1000001110011001001011000000
10110011111011001001011110111
10010001011010001011010001011
10010001011010001011111001110
10011101111010001011011110111
10110011111011001001011110111
1001000101101100100100001110
10011101111011001001111001110
1000001110011001001010100011
10111101101011110111010100011
10110011111011001001011000000
10011101111010001011011110111
10110011111010001011010100011
1000001110011001001010100011
10111101101011110111011000000
10111101101111000000011110111
1000001110011001001011000000
10110011111011001001011000000
10011101111010001011011110111
10011101111010001011011110111
10011101111010001011011110111
10011101111010001011011110111
10010001011010001011011110111
10010001011010001011011110111
10010001011010001011011110111
10010001011010001011011110111
10011101111010001011011110111
10011101111010001011011110111
10011101111010001011011110111
10011101111010001011011110111
10110011111011001001011110111
10110011111011001001011110111
10011101111010001011011110111
10011101111010001011011110111
10011101111010001011011110111
10011101111010001011011110111
10011101111010001011011110111
10011101111010001011011110111
10011101111010001011011110111
10011101111010001011011110111
10011101111010001011011110111
10011101111010001011011110111
10011101111010001011011110111
10011101111010001011011110111
10011101111010001011011110111
10011101111010001011011110111
10011101111010001011011110111
10011101111010001011011110111
10011101111010001011011110111
10011101111010001011011110111
1000001110011001001010100011
10110011111011001001011000000
10010001011010001011011110111
10010001011010001011011110111
10110011111010001011010100011
10110011111011001001011000000
10010001011010001011111001110
10011001001010001011111001110
10010001011011101111010100011
100111011110111011111111101101
10010001011010001011011110111
10011001001011101111011110111
10111000000111001110010100011
10011001001011101111011000000
10110011111011001001011110111
1000001110011110111011110111
10110011111011001001011000000
10110011111011001001011000000
10011101111010001011011000000
10011101111010001011011000000
10011101111010001011011110111
10011101111010001011011110111
10010001011010001011011110111
10010001011010001011011110111
10010001011010001011011110111
10010001011010001011011110111
10011101111010001011011110111
10011101111010001011011110111
10011101111010001011011110111
10011101111010001011011110111
10110011111011001001011000000
10110011111011001001011000000
10011101111010001011011110111
10011101111010001011011110111
10011101111010001011011110111
10011101111010001011011110111
10011101111010001011011110111
10011101111010001011011110111
10011101111010001011011110111
10011101111010001011011110111
10011101111010001011011110111
10011101111010001011011110111
10011101111010001011011110111
10011101111010001011011110111
10011101111010001011011110111
10011101111010001011011110111
10011101111010001011011000000
10011101111010001011011000000
10011101111010001011011110111
10011101111010001011011110111
10110011111010001011010100011
10110011111010001011010100011
10010001011011101111011000000
10010001011011101111011000000
10110011111010001011010100011
10110011111011001001011000000
10010001011010001011010001011
10011001001011101111010001011
10011001001111001110010100011
10010001011011101111010100011
10011001001011101111011110111
10011001001011101111011110111
10011000000110011111011000000
10111000000111001110011000000
10011101111010001011011110111
10110011111011001001011110111
10110011111011001001011110111
10110011111011001001011000000
10011101111010001011011000000
10011101111010001011011000000
10011101111010001011011110111
10011101111010001011011110111
10010001011010001011011110111
10010001011010001011011110111
10010001011010001011011110111
10010001011010001011011110111
10011101111010001011011110111
10011101111010001011011110111
10011101111010001011011110111
10011101111010001011011110111
10110011111011001001011000000
10110011111011001001011000000
10011101111010001011011110111
10011101111010001011011110111
10011101111010001011011110111
10011101111010001011011110111
10011101111010001011011110111
10011101111010001011011110111
10011101111010001011011110111
10011101111010001011011110111
10011101111010001011011110111
10011101111010001011011110111
10011101111010001011011110111
10011101111010001011011110111
10011101111010001011011110111
10011101111010001011011110111
10011101111010001011011000000
10011101111010001011011000000
10011101111010001011011110111
10011101111010001011011110111
10011101111010001011011000000
10011101111010001011011000000
10011101111010001011011110111
10011101111010001011011110111
10011101111010001011011000000
10011101111010001011011110111
10011101111010001011011110111
10010001011010001011011110111
10010001011011101111011000000
10011101111010001011011000000
10010001011010001011011110111
10010001011010001011011110111
10010001011010001011011110111
10010001011010001011011110111
10011101111010001011011110111
10011101111010001011011110111
10011101111010001011011110111
10011101111010001011011110111
10011101111010001011011110111
10011101111010001011011110111
10011101111010001011011110111
10011101111010001011011110111
10011101111010001011011110111
10011101111010001011011110111
10011101111010001011011110111
10011101111010001011011110111
10011101111010001011011110111
10011101111010001011011110111
10011101111010001011011110111
10011101111010001011011110111
10011101111010001011011110111
10011101111010001011011110111
10011101111010001011011110111
10011101111010001011011110111
10011101111010001011011110111
10011101111010001011011110111
10011101111010001011011110111
10011101111010001011011110111
10011101111010001011011110111
10011101111010001011011110111
10011101111010001011011110111
10011101111010001011011110111
10011101111010001011011110111
10011101111010001011011110111
10011101111010001011011110111
10011101111010001011011110111
10011101111010001011011110111
10011101111010001011011110111
10011101111010001011011110111
10011101111010001011011110111
10011101111010001011011110111
10011101111010001011011110111
10011101111010001011011110111
10011101111010001011011110111
10011101111010001011011110111
10011101111010001011011110111
10011101111010001011011110111
10011101111010001011011110111
10011101111010001011011110111
10011101111010001011011110111
10011101111010001011011110111
10011101111010001011011110111
10011101111010001011011110111
10011101111010001011011110111
10011101111010001011011110111
10011101111010001011011110111
10011101111010001011011110111
10011101111010001011011110111
10011101111010001011011110111
10011101111010001011011110111
10011101111010001011011110111
10011101111010001011011110111
10011101111010001011011110111
10011101111010001011011110111
10011101111010001011011110111
10011101111010001011011110111
10011101111010001011011110111
10011101111010001011011110111
10011101111010001011011110111
10011101111010001011011110111
10011101111010001011011110111
10011101111010001011011110111
10011101111010001011011110111
10011101111010001011011110111
10011101111010001011011110111
10011101111010001011011110111
10011101111010001011011110111
10011101111010001011011110111
10011101111010001011011110111
10011101111010001011011110111
10011101111010001011011110111
10011101111010001011011110111
10011101111010001011011110111
10011101111010001011011110111
10011101111010001011011110111
10011101111010001011011110111
10011101111010001011011110111
10011101111010001011011110111
10011101111010001011011110111
10011101111010001011011110111

