50
50
100100110010011111011000
1001001100101010101010
1001011000101010101111
1001101111100011011000000
1000111000101011101111
10011000101110001111010
100110001011100011101110
10010011110101000011001
1011110000000011111101111
10110010100010101111001010
10011111010111100110010010001001
10111100100011110110001110011110
10111011110101111101000010001001
10110101011011100110011111100101
101111101100001110111010011111111
1001111100000101001101111000100
10011000011111101111101110
10011000111100111101111010
1000110001110011110101111
1000101101100000110101111
101111010001000100111111111
101111000011110010101111010
1000010000001110001011101
10000100011110010111110011
1000110000000000101001010
101111110011111010001100110
101100111001010110000001110
101111110001000111000001101
101111111011000011001101001
10000111111010110101001010
101111010111000011001101000
1011001110111011000111001001
1001111001111001010111001001
101111111011101100001000010
101100111000111100100101
100001111110111000001101
10110011100101111111101101
1011001110110111001000010
10011010110011001111001001
100110101111101000100101
100011011011111111010001011
10011110000010000010001011
100110000101010010010001111
10011010110010000011000000
1001110000001010010000110110
1001110000011110011000110110
100001101001001010010001000
100011011001001011010001000
1001000001011010011111110100
1000010111010000100010111010
10000010001010100101111
10011011111000110001111
1001011000101010101111
1001101111100011011000000
1000111000101011101111
10011000101110001111010
1000001001111110111010
1000001011010100111010
100110001000011110001010
1011111100011111100110110
100101000000111101101110000100
1011111101111101101111100011100
100110010110001001110011010
10000011000000001110110101
1011010101010001001110000100
10111000001111110111110101101
10110110010101001111101111
10000100011100111111100011
10001100001111111111111111
10001000111000001111000000
101110110100011101011100011
101111000011110010101110110
101111010011110010101011101
1000100010001110011011000
10000111101010110001001011
101100111001000111001000010
1000011110001110001011100
101100111011001101000001101
101100100101000111011011000
10000111111010110101001010
1011001110111011000111001001
101100100101110011101001011
101111111011101100001000010
101100111011101100001000010
101100100111101111101101001
1011100001110111001000011
1011100001110111001000011
10011110010001010111001110
1001111001111010111101101
10011110000001010110011111
100101011101110010110011111
100110101111100011011001001
10011010110010000011000000
1001000001010100101111101101
1001111101101010010000110110
10011100000110001110010111010
100110101111000111010001111
1001000001011010011111110100
1001000001011010011111110100
1000010111010000100010111010
100101100010011001111
1001110100010101001111
1001011000101010101111
100110111110001100001010
1001100011100011001110010
100100110111000101110010
1011010011010100111010
100111010001001001101111
100011100010010011000000
1011110100001001000001010
101100100111001100100110100
100001100110011001111011111
10000111100001111111010
101110000101110000101110010
10110110010101001111101111
10110011101111101011101110
10110010011110010110001010
10001000111100111111000000
101110110111100111111100011
101111010011000101001011101
101111000001000100111001000
10111100000000000111011000
10111101010000000101000000
101100100111110010111000111
10111101010000000111001000
101100100111100010011110011
101110000111001101011000111
101111110011000101111110011
101110000111010110001000000
101111110011000011000110111
10000110011000011101101000
10001011011001011001101000
101111010111101100001011100
1011001010001010000100101
1011100001011011000001110
10111111000110110010001011
10111111000110110010001011
1011011001111010011000000
10110011100001010111001110
101100101011000000111001110
10010101110010000010001011
100111100011100011011001001
100110000111111111111000000
10011010110010000010001111
1001000001011101101111110100
1001111000010111011111101101
100101011101001010010001000
1001111000010010111111110100
1001000001011010011111110100
1000010111010000100010111010
1001011000100111101110
10011101000101011101110
1001011011000110111010
100110111011100011101111
100100110111000101110010
10000010011111100101111
10110100001001001101110
10110100001001001101110
1001001111111000001010
100110001001001000001010
100110111110010111111010
10000010010001100101111
100100110000000001111010
1001001111001111001011101
10011101011100111101110110
10011011111100111101111010
101110110111100111111100011
10001000111011010011100011
101110110111011010001110110
10000100001111111111110011
101111000001000100111001000
101110110101100100011011000
10111101010000000101000000
1000011000000000111000111
1000101100000000101010010
101111110001010110001011101
101101100111100110111001000
101110000111000010001111010
101110000111000011001001010
101111110011100010101001011
101111010011011010111011000
101100100111001011001001011
10000110011101100001001011
1000011110011010001000010
10110101110101010010001011
1011100001110010110110011111
10000110100010100011000000
10011000010010111100001110
1000011010001111110011111
1000110110010111101000011
10111111000001010111101101
101101011111100011011101111
10011010110010000111000000
1000010111011110101111101101
100110000111100011011000000
10110011000010000000010111010
100100000100110111010001000
1001111000010000001111101101
100100000101001011010001000
1000011010011001100110011110
100110111010010010011001
100101100010011001111
10011101001110001001111
10010110011111100011001
1001001101110001111010
10010011011111101101110
1000001011111000101010
10010011111110000110100
1011110000011111100011001
101111000000100100111010
10111100000111000010101111
10011000111111010101110010
10001110000000000010000
100000100100011001111010
10011011111100101101010010
1000111011100101111001000
10000100011011010011011000
101110110111100101111011000
101111010011011010011000111
101111010001111111111011000
10000100001000100101110110
101111010001100100001110110
10001100011110010111001000
101100100111110010111110011
101100101011000010011011000
10001011001000100101110010
10110101110001110100001010
101111111011100010011110001
101100100111001101011011000
1011100001110000111111101101
101100100111010110001000010
1011001010111000101111001001
101100101011100100001101000
101100101011000011100110111
10010101110101010110011111
10011000010010111100001110
1000010110011101111101000011
100110101000001110001111010
1000010110011000010001010010
101111110101011011000001101
10011110000010000111001110
101100101001011101011001001
10111111100010000011101111
10010000010010000011101111
1001010000101010010011110111
100101011100111101001011
10010000010010000110011111
1000010111010000001111101101
100001101001101000000110110
1000011010011010011111110100
10011011101001001111010
1001011000100111101110
1001011011000110001111
10010110011111100011001
1000001001111110111010
10010011011111101101110
100110001011111100101010
1001100010111111000110100
1011110100110101000011001
101110110111010100111010
1000010001111101110101111
101111000011001011111111111
100011100000000011110001
1001001111001111011100011
10011000111100101101111010
101111000011100101101011101
10000100011011010001000000
101110110111100111101001010
101110110111100111111000111
10001000111000001111110011
101110110100011101001010010
101111010001100100001111010
10001011001100100001011101
10111101010000000111001000
10111100001100010100001010
1011010101101100100001110111001
10011110110001111010010001000
10110010100001110011110001
101111110011000011000110111
10011000111000010001000000
101100111011100010100001110
101100101011010110100001101
100101011111000011101011100
100101011111101100001011100
101101011111001011001101001
100101011111000011101011100
1000110101101110011101011100
10111111010111000101101011101
1011011011100101011000010000
10111000001111100101001000000
1000010111010101011000111
1011111100001100111011000
100110101101111010111101101
1001000001001000000001110
1001101010011111111110011111
100111001100010000011101111
1001010000011000111010001000
10011010100010010100110011110
100001011100110111000110110
1000011010011010011111110100
100000100000010101111
10000010111101111101111
1001101110010101111010
100110111011100011101110
10000010011111100101111
1001001111111000001010
10010011011111101101110
10011000101110001001111
100010001110101000001010
1011101101110101000001010
101111000011001100101110010
1000111011001011111000000
1000001011001111011000000
1001001111100101111111111
1000111011001111011111111
1000010001101101000010000
101111000011011010001010010
101111000011100111101110110
10000100011000101001110110
10000100001000100101110110
10000100001100100001011101
101110110100011101001011101
10001011001000100111001000
101111010101000100111001000
10000111101000111001001010
100110111111001111111010
100001110110001010010001111
10000110011000101101110110
10000100011010110111110011
10001100001110011100110111
10000111111011010101001011
101101011111100100001100110
101110000111100100001000000
101101011111101100001000000
101101100111101100001001010
100111100111101100001001010
100111001100010100111001001
1001110011001110011101000000
1000010110011001101011110001
10011111010111011010101110010
100111000100011011000110101011
10111110101110011011100100010100
100101000000101110101101001
100110101101111010111001001
100110000111110001011110111
10011111110011101100110011110
10011100000110010000110011110
1000011010011101101111101101
100001101001001010010001000
100001011101011100010001000
10001110111011100101111
100110001010010011101111
100011100010011111010
1001001101110001111010
1001101111111100111010
10000010110101001101111
1000001001111110111010
1001001101110001111010
1011101101111110011000000
100110001111110001110010
100011101101010001110010
1001001101010011101110010
100000100000000001110010
10001110010001100001010
1000100011100101111101111
10110010100111000011101110
100001011111001100100110100
10011111011000011110110110
10011110011111101010011001
10000111111100111111000000
10001100011000001101111010
10001000111000001101110110
10000111101111111101110110
10000110011100111111100011
10001011000011101001110110
10001100011111010001011101
10001000111111010001111010
101100100111010110011000111
101111000011001101001011101
10001000111010110101001010
101100101011010110001101000
101100111011011010101011100
101111110011100100000110111
10000111111000011111000111
10011010110011010001101000
101101100111010110101111010
100001011111000011100110111
1001101010011100101001011100
100111110100001100111100001101111
1001010101010
101111001011100000101110
1011101111011110010101101111
101100110001100000011000111
100111100111100011111001001
1001010111011110101111101101
1001101011010100100011010100
100110000101111010000110110
10110011000010000000010111010
100001101001001010010001000
100001011101011100010001000
1011101101010010010011001
1000010000000010010100
10000100011110111001111
100110001110001100010100
100110111110101000101010
10110100001001000101010
100111010110101001101110
10010110001001001101111
100100110000111111111111
100100111101010001110010
101111000011001100111111111
10000100001110000111111111
1000111011001011111000000
101111010111111010111000000
1011111110110101000011001
100011010110000001110101101
10010101101011001101111011111111
1001001000001101010111100000000
1011011011000001101110111110100
100111000000010010000101111
101101100111100101111111111
101110000101111111101010010
100111110101110000111011001001
1011001101100111101001101010100
1000010110000101111011101111
1000101100000000111100011
10001100001000111011000111
10001000101000111001001010
10000111111100110101000010
101111110001000111001101001
101101011111000101101011100
101100111011100110101101000
1011100001111001000111001001
101110000101110011101011100
100111100101110011101011101
100011011011001101011000000
10011010111110010110011001
101111110111111001000111001001
101101100111100010101100110
10000111101110011101011100
101111111011100101011000111
100011011000111101011100
100110101111000000111101101
101101100111100011010001011
1001111001010100101111101101
100111100001011101010001000
100110000111001000010100011
100100000101000000011000000
1000011010010010101111101101
100001101001101000000110110
10011000101001001001111
1001100010000010010100
101111000001001001001111
10000100000101010010100
1000001011111000101010
100111010001001000101010
100111010110101001101110
1001011011001100101110010
1001110100010010011000000
10110100011100010101111
1011110000001001000010000
1000010000000111111000000
101111000011111011101110010
1000011000101001110101111
10010101111100011000110100
10111011110111100110011110001011
10110000010001111100110000001
10110000010011010101000101001101
10110110110001111101000011001000
10011100110000011110110110
101101100111100101111111111
101111110011000101001010010
1011001100011100010001101001
100111100101111111101010010
1000100011110011110001010
10000110001000111011001000
10001011011000010001000000
10001000111100010000110111
101110000111100010001000010
100110101111000010000100101
100110101101010110011000111
100001101011100100001000010
10001011011001101001101001
1011001110111011000111101101
100111100011001011001001010
1011001100001110011111000111
1000010110011011010101001010
1001010000101110011100001101
10010101110110110011001001
101101011101011111111101101
10111000011101110110011111
10010101110001010010001011
100111100011110001111000000
100111100111100011011000000
100101011101110110000110110
1001010111110010001111101101
100111100011011000111000000
100110000101000000111000000
1001000001001101111111101101
100001101001101000000110110
1011010000100110101111
10110100111101110101111
10010011010010010001010
10011000100101011101111
10000010011100010010100
100110111011111100010100
10000010011111100101111
100100110111111011000000
100110111110101000010000
10010110111110011110001
101110110101110000101011101
101111000011001100111111111
1011110000000011111101111
1000011001111101110011001
1000110110000011110110110
100110010100101001101010001110
10110101011011000001010110110100
1011000010111110011001100000001
10000101110010101111011000
10111101010101001110001010
10000110001100111001110110
101111010001100111001110110
10001100001000100111000111
101110110101000100111011000
101111010001010110001000000
101111000011100010011001000
10001000111000010011110011
101100101011001101001011100
101100111001010110001100110
101111111000011101000110111
100111111100000000101010010
100001011111100010001011101
1011010111011100111111001001
10001000111100010101100110
101101011111101111100001101
101110000111100100001000000
101101100111101100001101000
1001111000011011000001101
10110101110011010000001101
1011001110010101000100101
10011110001101111011101111
100110101101110010011001001
100111100011000000010001011
101101100111111111010001011
101101100101111010111000000
101111111011001000010100011
101111111011001000010001111
100111100111011000000110110
1000110110010000001111110100
100001101001001010010001000
10110100001010111000000
10110100001001101110010
100011101111011101110010
101111000011110111111010
1001001100101010101010
100110111110001100101010
10000010110001101101111
100000100111000101110010
1001100010010010011000000
100100111101010001110010
10010110011100011101111
1000100011100110010101111
101100101001110001110010110
10011001011111110111111011111
10011111000011000101111110011
100110010100001101110000111010
100001110110000001010001110
1001100101001001001110101101
10011110000111000011101111
100110101111100111111100011
10010101110000111100101111
100111000001101101000011001
1001100101001100111011111111
10000101110111111110101111
1001100101001100111001110010
1001010000101100100011000000
10001101011010001001111010
1001010000101100100011000000
100111000000000000111011000
1001100101011100010001001010
100110010111111001010010000
1001110000001010110011100011
101111111011010110101101000
101110000111010110001000000
100001011111001101011001000
1011000001000100101011011011110
100001011000011010000110111
10010101111101101010010000
1001101011011011001001011
10011010111101110110011111
10011110000011001110011111
10011110001101111011101111
1011011001010111101000011
1011010111000101001000011
100111100111110001011101111
101101100101111010111000000
101101100101110110010100011
1001010111110010001111101101
100110000111110011000110110
1000110110110001111111101101
1011010000100110001010
10011101000100110001010
101111000011110111111010
10000100011110111001111
1000111000101010101010
100110111110001100101010
10010110011111100011001
10010110011111100011001
10010011011111100101010
10010011111110000110100
100010001000000000101111
10001100011110111110101101
1001100000101110011110011001
1001010000011001101100111101101
10110100011110001101101101
101111011000101100111000110100
100110101001111100110010110
1000110110011100001111010
1000011010011111100110110
10010010001111100010011110011
1000010110011001101100001101110
101111110111110001000011110010010
10010100010110101010111110110001
10000011000111011001001010110111
101110111101111100100011111011000
10110110110101111100100010111001
1000011101101111100100100100001
10001101011110011011011011011111
10010010001101010110011100011
10111111010100011101001110010
100101000001111101000001010
1001100001000111000101111
100111100011001101011001000
1000011101111011010111000111
1001100111110100010010110110
10110100110110011111110111
1001100001110000010011111101100
1001111100011001100101101001
1011001100011100101011011000
1011100001010101000001101
1001010111001111111001110
1001010111111010111001110
1001111001110111101000011
10010101110001010111101101
100110000111000000011101111
100011011011111111010001011
100100000111100011011110111
100100000101011101010100011
100110000111001000010100011
100011011011110011010001111
10110100010010011101111
10011101011110111111010
100110001111101110010100
100110001111101110110110
100011100010011001111
10010011011111101101110
1001101111111100111010
100111010110101001101110
10010011110101000110110
1000100011111101110101010
1000111011000110111001010
10111101100111000001101110010
10111111100001011000110101011
10111001111011100001111001101
10001101010100111110100111000001011
1011010011001001011010100
1001100111110001110001111010
101100110001111100111011000
10001011100101100100001110110
10010110110011101101101100
100101001101010101101011111101100
10000100111000100000110101011
1011000110010010000011100110010
1001101010110001011001111001000
1011010110111100110011011100001
1001000100101001000110001101110
101111101000111110001111110111
1001110111010111011001011010101111
10000101110000110001100110110
10110001000001001001111110100
10111111011101111110010101100
10110000010011101111100110111
100001011000001110101101111
101111001001101110011101000000
10001000111111110000111011
1011001101110000101101110001101111
10110011110010100111110000100
10111011010011010111100010001
10110000101111101000100101
1011011001001010000001101
10011110010010100110011111
10010101111101110010001011
10010101110101111111001110
10011110000001010110011111
100011011011000000011101111
100011011011000000011101111
100110000111110001111001110
100100000101110110011110111
100011011001110110011000000
100011011011110011010001111
100110111111011101101110
10000010010010010011001
100000101111011100110100
1001001100100110110110
10011000100101011101111
10111100000111000111110001
100011100111000111110001
10010110011100010001010
10010110001001000011001
1001001111000110111011111
1001111001110001100010100
1011101100110111000100110100
10010100000001101101100010000
10000110111011011011000010111011
101111110110011111101111110110010
1011000001011111110110101101010101
10110100110101111111110111
1011110110000010001001001111
100110011111011111000011110111
1011100110011111011001011000100111
1011100110101010110100101001101
10001101110100100100000000
10111100010010011010100111
100111000111111101111100001011
10110101100110000101111110010010
1011000010001111101010110000010
1011011010111010101101100000100
1011110110101010011100011100
10011110110101111101010101011010
10000101100110011101110111101
10111011110011011011100100100000
10011010100111000001011010101111
10010100111001100100001101
1011010011101101110011000
1010011001111001010110110
1011111011000011010111111110111
10000100111000010100010111011
100001110110000110000110000010
101110111100000000011101110
10011010110010111101101001
10110110010101010111101101
10111111100011001111001110
1011111110110111100001110
10110101110101111110011111
100111100001110010011001001
100111100111000000011001001
101101011111110001111001110
100101011101010010011110111
100111100001110110111000000
100110101101011101010001111
100110001010010011101111
100110001010010011101110
1001001111110111001111
10011000101001001001111
1011101101111101111101111
100010001001010111000000
1011110000001010101110010
1001101110010101111010
100100111100110011101110
100001000011111100110110
1011001010000001111011111
10010010001111011010001111010
10110000000001010011000000
1000010110011110000110011000
100100100000011110011110111100
101100010101111101100011000110
101101100001010010111001110
10011111010111110110010100100001
101111110111111111101100001010
10110000111000000100000001
1000101010111000000111101100
10110010110110011011011001101111
100010010100000000111000100
10110101101010101101001111101000
101101100011111101100011100001
100110100011000100111110011001
101100111110100100101000110
10110010000111011101011000110
10110010110001011100111101110
10001011110000001110001010
1011000100111011001111111011011111
1001101011110110011110111101
100110010110001011000110011111
10111101101010111001111110100
1000000000011010101111011011111
1011010101111000101111111011001
10110110111011111100001101011
100010001011110010111110101
100100100001111010111001110
100111100011100101001100110
1011011001010101000001110
101111111000111101000011
10010101110010100111001001
10011110001101110111001001
101101100101110010010001011
101100111011000000010001011
101101011111110001010001011
100111100101010010011000000
100111100101111010111000000
100101011101010010011000000
10011101000010011101110
1001001100000011101111
10111100001110111001110010
101110110100000101110010
100011000000100100110100
101110111100110001011111101101
100111100111001111001111010
1011001100011100010001101001
100011100111000100101111
101111000001111110111011111
1000010000010011110010110
101111111011101110110101100
100111110100011100110101111010
1011101101010101110111110101
10010100001011110000111101100
1011000100010111000001101010100
10110000110011100001110000110
101100001010011000011110000011
10011001011111101011111011001
101100001000010011110000110
1011111010011001101111010100111
101100101100001001110011110
1011100110111100110011110011001
1011101000000000111000100
101110001001110011001100001111
101100010111110011001100001111
1011100101011100110011011100001
101110010100111110100011010100
10001010011101110111110101
101110011010111101101111110101
101110010000100010010110110
1001100001111111001111110101
1001111011000110101001110110011
10010001110001010100011100
1011000100010111001101100010001
10011001010011010111100001010
10110100011000011111011001
10011111000110010111101011100
1001100101111100110101011100
101111111011000011101000011
101111111000110100110011111
101111111011101100001100110
1001101010011001011011000111
10111101100101111010011001001
1000011000010111101011100
101100101011111111010001011
10010101110010000111000000
100111100111110001011110111
100110000101010010010100011
100011011001110110010001111
10011011101001001111010
100110111111011101101111
10111100000100100111110001
101110110100010010101111
1000110000101001101110000111
1001111100110110110010001000
1001110000001100100001001010
101101000001001011100111
100110001110001100110110
101111000011111000110110
10000010111110000110100
100001100110011001111011111
10001101100101001101000111010
10011111010001110001000001010
100011000110011101110000011
10010100000010101110111101100
1000001100011001001000101100
1001110111010011110110011000001010
10110011000111111001101101100
10011001011011110000111101100
1001111111011110100011001010
1001010000111001001011100000
1001101010011001001011111110
10011000011111010001100001
1011001100011010111001101011
101100101000111001101011
10111111011111001110010100010
1011001100001011011111110
1011101111011111010101000001
1001010000011001001011111011
101101100111111100000101100
10011010100011010111111001000
1011001101111110101011001010110111
100000110000010001010100000
10010100001010101111111001000
1011110000111111101101101110
101110011001011100101011011000
1000001100001000111011110001
100110000111011010101100110
1011001110110010110011101111
101100101000110100111001110
100110000111101111101001011
1001111100110111001000100101
10011100101010
10011111011010111100100101
101100100111101000100101
100101011111111111011001001
10110101110101111110011111
100111100011100011111000000
100110101101111010011000000
101101000000001111011000
100101100010011001111
10010110000001001111
1001001100000010110110
1000101100000001110000111
1001010001001100111011011000
101101101100110000111010001111
1001001100101010011001
1001001101110001111010
1001100010000111101110010
1011010011010100111010
10001110000001111001010
1011111101010010010000101111
100101011010010100111111011000
100000000011010110011011000
1011111100111111101110111100
10110001000011101111000100100011
10011000001011110010000010111001
1001010011010001001110110100
10111100000010110011111110
100100011101110001000110110
100001110110001011001100001011
1001000100100000001011100111
10110000010101101101111100100100
1001111000010000011100001010
101100100011001000010001111
100101000100110101001100001011
10110111011101111101110110
10110101010111100000111100000100
10111110101010100111010101100
1011111110001101101100001010
1000101110011111101100000100100
101111110101011000011111001000
10011001111111111101110100100000
100111100100011110111110101
1011000001111100010101101000
100111110100011100101001100110
10110110111011010110101001010
100001011111001011000100101
100001100110010110111101101
10000111100110100110011111
101101100111001101001010010
10010001110000011001100101001100
10001101111010
100011010110111001000001101
10110110011111000100001110
1011100001010111100001101
100111100001111010011101111
10010101110010000010001011
10010101110010000011110111
101101001111011100101111
1011010000000100101111
10010110110001100011001
1000110000000001110010110
100001110110001101110110011010
1000110101111000100111010001110
100111001100000000001110110
1000100011101010011111111
100110001111110001110010
1011010000100110011001
1000001011001100111110001
1011100001110101001101110
101101010100010001100001010
1001100010110101001100110110
1011010000011111111110101
1001010000111111101011100000100
100101000010111001101110110011
10111101100011111101100111110111
100011110111101000100101
10011110000101000001101010110
101111000101000000010001011
10110100000100001010111
101100110111100000101000110
10001011100111100110011010100111
10011110010111110111110110011
1011010110111100101001011100
10001101100111000001110000010
100111011000110111010100011
10111111011111011011100111110000
1001000111011100101011110001
10110001000001010110100111101101
10111001100110010101011001000
1001100001111000011110111100
1011010101100001110110101011010
100110010110111111100111110011
100110001110101111100001010
101101000110010111100000100
10110101011011100010001110110
100111100111010110011000111
10110010010010111100100101
100001100010101000001110
100011011001110011101000000
1001111101000000101000100101
100100011001110111100010110110
100011011011000011101010010
10111111101111111100100101
101111111001110010111101101
1011001010110111100001101
101101100111111111111001110
100111100111110001011001001
100000101110111000110100
100110111111101110010100
101101000010011001111
10010000010111101101111000101
100101011011111001101100010011
101101010111111101100100001001
1001111111011100110010111000100
1001100010000010101010
100001000011100010001010
100110001110001100101111
10001110011111101101111
1011001110000001111001010
1011100000100000001111000100
10010000010101000100110000010
101100010000111000001101111100011
1011110110010101000100111110000
10011111011011000011101010110
101101010110111000001001111100011
101110110011110011011011011011111
10000110100101000101110011000
100111001100001110110110011111
1011001110011010110111110101
10010000010101000100111101100
10011010110110101000111101100
100001111111111101101101110
101111011001110101011011100110010
100011100001100010100010
10000101110000110001100010001
10011110010111000001101010110
10011110000101000000111101100
10011110000001011000111101100
1001001000011111011000011010100
1000010110011111101110110101011
1000110110010101111101010110
1011011011100001110110101011010
101110000011111000001101111100011
10111111100001110110100100011
100111101100110010111110010110
100100000111011010111110011
10111101010110110111001001
1011110100011011001100110
10011110000011010001101001
10111111011111110010101110010
10010100001011001110001111
1000010111001010001011100
1011001010000101001000010
100001111010101001000010
10011110010001010111001110
10111111100001010111001110
101101100101110010011101111
10010110011110110100101111
100110111010010010011001
101101000000010010100
10010000010111101101111000101
100101011011111000100010111101101
1011111011000110000101101111101000
100101000010001101110110110101
10111011010010101111010
10001110111101110101111
1000100010010010011100011
1001001100101010011001
100101011101001001111001010
10110011011011000110110000100
10111100000011000011001011
100110011111110000101111001101111
1011010101100001011001100110110
10000110111011011011111110011110
100111110000010010000011101110
101101010101110011011011110110000
1001111110010100111110000100
1011100111100011101000110100
1001001000110010111001000001
100110110000101001000000
101111001011110011010010100
10001010111010100110001011
10000101101110000110011110
1000101110100011010101110
101110011001101111110011001000
1011000001010011110110100000000
10000110110000101101100001101111
10001000001101001111000000
101101010100001011101111000100111
100100100001111101100010010011
101101101111111100110011110011110
10110110110011111101010111110000
101100010001111001100011000001010
1011010011110100110011000
10110101010000001111111001101
1001111111011100110111001000
10001011011101100001100110
1000100010011010001001011
100111100111101111101011100
10111111011111010110011000111
10000101111100010100011001
100101011111100101011000111
101110000100111101101001
10011000010001010011001001
10111111100011001111001110
1011111110111010110011111
10110101110101111110011111
100100111100011011111111
1011010000011011100110110
1001110101100011001110010
10111101010000001111011000
1011110110011111011000000000001
10110110110111100110010010001001
1011001010000000100101111
100110111001001111000000
10110100111101110001010
1011010000101010001010
1001101110111111011111111
1001010111011111100010100
10110000101011000100111110110100
1001111100011010100110101000110
10011010010110100101100000110
1001110010010111101000010
101100011100110111111000000
1001110001111110111000111010
10111001100101111110110011010100
10111100010101110100100101
100100101001011100111000000
101100010001110011011011111011001
10110001001101010
10011000000001101010001110111001
101110011001111101110111110101
100101110011100100101100000110
100110100111110110101110111001
101111100011100001010101100
1011110111110011001010001001
101110001010011010001111010
10111010000101001011100
100111000111010100011111111
1000101110100110000011001101010101
10001111110111101110110
100110100100001101010001111
100011011101000010010001111
10011101110100101001101011100001
10110101010111110111011001110
1001010000111010110011000111
10001000111011010101001011
1011111100111011111111001001
101101100111100010111000111
10111111010111100110111000111
100111110111100000111101110
1001111101111101100001011100
1011011001011011001000010
100111100100101111111001001
1001010111001111111001110
1011111110111010110011111
10110011101101111110011111
1011010000010011101110
10010110001010101110010
1011010001111011010010100
1011110000010010010010100
10110101110001001110101101
10111111100101001101110000110
10001100000101011101111
10010110001010111000000
1001110100111111011111111
101101000111000111000000
101101001100011011000000
101100111000101010110110
1011010101100101001101110000011
10110110111111111100010001001
1011001101111011110110100000000
1011010000001011010111
1000110111000011011111101101
10010100011001101010000110101010
1011110010010110101011110001001
1001100110010000110110011110
100010010101110111111011011110
101100000100001011101111100110010
1011111101000000110011001001000101
10110110111100100100010101010110110
10111101111111100011111111
100110011110011000001100001011010
101110011000110101010001111101000
1000100111101010000011100
100000011111100011001110
100101010010111100110111
1011111111001000001000011
10000000111101110110011110
1000110101011011000001110001101111
10111100011101100001001011
10111011110111010101101100010001
101101110001000001001011
10001100011100001011010100
1011010101111110011110110000111
100111111100001110001111010
100001100011100111111001001
101100100111100010101011100
100011011011000011101001011
1001010000111010110101001010
10001101100000000111111111
100101011101110011101001010
1001111000011011000100101
1001111000111011111110011111
10011110000010100010001011
10110110011101110011101111
10110101110101111111001110
10011011101111011011101110
1001011000000010011001
100101100000011101110
10010011111011100101010
1000110000000001110010110
1011110101000001111011111
100001000111101110011001
10000010111101111101110
1001011000100111101110
101111000011001100111111111
10010110011100010001010
101111110001001001111011000
10111000001111111101100110110100
101100010011111010100110000011
10000110111000001111110000011
100010011110010111111100101
101110101111000101000010
10111110110010111110001111000110
10111101111111100011001000
100111001001110110011101111
10110010110110111001101001
101111011000111000100111010100111
1001010011010010011110000011
100111110100011100110011111110101
100110000010011111001111011011111
1011111011100001111110101101
10111100000010001000101100
1001001000111111101100000001111
100100100011111100100110010011
1011101011110001110011111
1011111111111100111111110100
101100010011111101110011001000
101101010001000110110101101
1000101001111000100001101
100000001110011001010001001
101111001011101101010001010
101111101100101111100011010100111
1011110010010111110111111001010
100001011111111010001110110
101111010011100100001001011
101100100111100010100110111
101100101001110011101001010
100111100111100010101011100
100101011111000011101011100
10110010100010111101001011
10111000010011010001000010
1001010111111011111011001001
1001010111111011111011110111
10111111100010100011101111
1011010111110111000001110
100000100111101101001111
1000001000000010011001
100110111111011101101110
100110111000001001111
1001100010000010010100
1011110000010010010010100
1011110000111101110011001
1001001111110111001111
1001101110000010101010
10000010110001101101110
101101000010011111010
1011001110001010100110100
10011110110011101110000111010
1001111111011011011000110011111
10110000011110000110111010
101110000011110011011011100110010
101111110101111100100011110010011
10010000010110010111110011000
10001101100111000000111101100
101111010011001010001101011
1001011011001001010100000
100010110011110000111110101
101111010111001110000111011
1000111000001001111000
1011111011111101110011111111
10011100011110011001100000000
100000100110111110011000
1001010111000110101100010000
100001111011110000111110101
101111010011010111000011000
10001110110010101111110111
1011111100000101111100001011
10110101110111111101110110011
101110111101111000001001111100011
101101101110110001000111100110010
100100010011101011010010000
1001100101011011011010010111001
1011101100100010101110000110
1001111101101010110011001000
10001000111100010101001011
101100100111100010100110111
101111110011100100001101000
101100101011100100001101001
101100101001110011101100110
1000011000010111101100110
10000110000110100111001001
101100101000101111011001001
101100111000110100011110111
10110101110101010111001110
1011001110001111111101101
10011011101111011011101110
100101100000001111010
100101100000011101111
100101100000011101110
100110111000001001111
10010011111101111101110
100000100010011001111
1000001000100110010100
10000010010010010101010
1001001100101010011001
1001100011101010011110001
1011001010110001100110110
1011011011101110111000000001
1000101100110010101100001011
101111011001110101010011011011111
10011111000001111100011110010111
10110011100101000000111110011
1011110100011000010111110010
101100110110111110110010010101
1000001111110110100111001000
1001010110111000110111000000000
1011000110111110101110001011
1000010001100100101000001
1001110111001001101010000010110111
10010111001110110000101010
10111001001001011110101111
1000010110110111110110101100000111
100011100110001011111011
10110110111110010011011001110
1011111011000000100101000110
10111101100010000001110011110
100111110100001110001011001000
1011001001010000011100001011
10110011100111111101110110010
10010101101011001101111110011110
101111110111110101010011111101100
10110100000110100111101100
101111001000010100111111001010
1011001100001000111011110011
101100100111100110101101000
10000111111000011001101001
101111110011010110101101001
101111111011011010101100110
101111111011000011001000010
101111110001110011100100101
1011001001111011111110011111
1000110000101010011101111
1000101100010100111001110
100001111011011000100101
10110010100110110111001001
10011011101111011011101110
1001011000000010011001
10110100010010011101110
10110100010010011101110
10110100010010011101110
100110111010010010011001
100000100010011001111
1000001000100110010100
10000010010010010010100
100100110010011111010
1011010011101110111010
101111010100000100110100
1011000100011100010100001010
1000101010100011100010000
1001001000000010111001110011001
1001111000110011101101101110
1011010111010000011100001011
1011100001001101101110000011
10010100111010100111110001011
101111001001001001000000101001101
101100110111111100110010011100001
1000101011101010000000001
101111111001100001010100001
1001000101101000011011101111
10011111000101111101101011000000
10001101010110010010101000011
100100010001111011010011010100
1001111000110110011110111100
101111001011100010110001010
10111111010111110010000100100000
10110110100111110100111001010
101101101110111001100011110010010
1011110101110110011111110111
1001010111011000011111001000
1001010111110010101101101100
1001001000010101011011100000000
101111011111101111101011100
10011111001111000011111000111
101111111001100100011111111
101110000111100110101011100
10000110011010110101100110
10000111111011010101100110
101101100111010110001011100
101111111011011010101001011
1011001010111000101111001001
101111010111001011000100101
1000110000011010000100101
1000100010101010111001001
1000011110011010001000010
10111000010011010000001101
1001101110001001001111
100111010111011100010100
101101000010101001111
10110100110001100101010
10110100111101110110110
10110100010010010101010
10000010010010010101010
1011110000111101110011001
1011110000001010111111111
100000100100100101110010
10001110001001111111111
10110010010111111001110010
10110101110111101101111001010
10111100100111100111101101111
10000101110110001011001011
1001110001110001000001111101000
1011000010110111000001101010100
10000101100011110001101101110
1011000100010001011001110011000
1011000100000111001101110000010
1001111011000101000100110000010
1011011011100001011000110101011
101110000111001010011001011
10111001011110001010010001110
10110110111101101101111001111101001
10000101101110111110100101001000101
1001000110111110111111001101
1001111001111000011111011001
1011111101110101000011100110110
1011011011010001011001100010010
10111011001111100000110110000010
10011010101111010101000100100001
1011101110110110111110010101
100001101110010010000011100110011
100010101110000101111100110010
10110110010110111011100110
101111101100111010110111011000
10010101111111001010001010
101111111011001101001011101
101111010111000101111000111
101100100111100110101100110
10000110011010110001000010
101100111011010110101001010
101101011111000011001000000
101100111011100010101011100
101100101011000011101001011
101110000111001011001001010
101111110011101100001001010
101100101011101111101000010
10110011100010111100100101
1001011001111011010110110
101101001110111000110100
1011010000100110110110
10110100110001100110110
1011010000100110110110
10110100010010010110110
100011100000010010100
100001000111101110011001
1001001111101110001111
1000001000000010011001
1011101101001010101110010
100011000010010010011001
10001011011100110011110101101
101111101100111000101011110001
100110010100010110000011000
1001111110111000001011000001010
1001100000100110010100111110011
1000101110010101000010110000010
100111011100111010110111111111
10011010101101001100110110
1011000100010010001001101011
10110101011000011001111110111
10110110110011001010000011000
10111011110111010111010100010
1011111010000100100111001111
1011111010000100100011111111
1011111101110001100001101011
1001111101010011000000011000
101110000010111111001101101101
10111011001111110101010100000
1001010001101110011111110001
1010000011001001100000111
10100100100010011111101101
10110011010111110111010001001
10000110111011110110010100100000
1001111101100011111110111100
1011000001010001010001000011
101110000111110010111111111
10000110011000010001010010
10000111111010110101001010
101111010111001101001101001
101111010111010110001001011
10000111111010110101000000
101110000111000011011000111
101101011111000011001101000
101100101011000011001101000
101100101001110011111000111
101100101011100101001000000
101100111011101100001000010
10110011100010111100100101
10011011101010011010110110
100110111000100100110100
10010110000001111011111
10110100111101110110110
10110100010010010011001
10110100111011101101110
10001110000001111010
1011110100111101110011001
100010110001001100110100
1000101100010101111011111
10001011000100110101010
10001100011111101100110101101
10010101101011010110101001011
10111110110010111111110101010
100001100011110001111011001
1011111101111100110001100001011
10010100000110011100111110101
10111101100001100110001110110010
1000110100011110001100001010
10010111000110101001110110011
101101101010111000000111101100
1001010110011111101111100010010
100101011000001110110110011111
10111001011010000011101010110
1000000000000101111101010110
1000100100011110001110111100
101100010100111000001110000010
101110001000110010101110000010
101101101011100110001110000011
1001010100101000001100010000
1010111110111111001101
1000110101010110011110111001000
100001110001111101000110011001
10111100100011111101011100010010
1011111101010101000101101010100
10110100111111001111110101
10110110110011111010100110100
10011010111100010100101111
10000110011111010001010010
10001100011001101011000111
10001011011100110101000000
10001011011100110100110111
101100100111100110101101000
10000111111100110101101001
101100101011100110100001101
1011100001110110101111001001
10000110011100100001100110
10000110011000011101101001
101110000111100101001000010
101100101011001011000001101
1011010000010010110110
10010110011110110100101111
10010011000000100110100
10010011111011100101010
10110100000001111010
101101000000001001111
1011110101011110110100110100
10011010110001001111001010
100110000111110110000111000100
100110010110010101110000111
10110110010010011111011111
1000101100001101110110110101
10110101010001010110011011000
1001011110100100010010
1000110101101110111010111001011
10011010101111110111111000100
101100001011110101010111000100111
100110101011010000010111101100
1000010100011010111100000100
10010000000110101001110011000
10111100101011000011101101101
101100010100111110111101101100
10110001011000110101100001011
101100001110110010101100010010
10111110100011000011100001011
1000011100000101111100010000
100100011100110101001110110011
101100010111100110001101010110
10110101100010000011101101101
10111000101011000010111110101
101100000011111101110110101011
10110110101110110111011111011000
1011000010110111110111111001000
101101101100110101010001110111010
10011000001001110001110000100
101101010110011100001111001010
10111011001011010110101001011
10000101110000000101111010
1011110100000000010010000
10001100011011010101001010
10001100011001101011000111
10001011011100110100110111
101111010111001101001011100
10000110011001101001100110
101111110011000101101000010
1011111100110101100111001001
100001111110101101111001001
100001111111001000111001001
10000110011100100001100110
10000111101110011101101001
10110100111101110010100
1011010000000010010100
101110110100000101110010
1001001101010011011101110
100111010111101110011001
1011110100000001111011000
1001100101111111101100110101101
10110000101011000001010000111010
101101010100001011101100000000
10111011001011100110010000111010
10000101110000001111001000
101111010011101110110010110
100010001000110111000110100
1000111011110110000111001000
10111111001100011000101111
100100000111110111110101100
10110011011110110010001101111
100101000010101000100110011111
100111110101010011011001011
1011010101111011110011100001010
10111100100100111110111101101110
1001010011010000110001101010100
101100110010110010111100010010
100111111110011010110100100001
10011111101100110001100010010
10000011110001110110100100001
1011111000000110000101011010
1000100110001110110110101011
1000000010001011000110011111
10111101100010111111101111001000
100110000010110101110111110101
100110101000011000011001011
1011001100011011011011100110110
101100110111111100110111111111
100101000001110010110010100
101101100101111111111000000
101110000111000101011110001
1000011110001110011001000
101111010011000010011000111
1000001011100010001011101
10001000111000101101000000
10001011011000101101001010
101111010111001101001011100
10000110011100110101101000
101110000111000101101101000
101100101011001101001101001
1011100001110110101111001001
101110000111000011000100101
10000110011100100001100110
101100100101110011101001011
10110100110001101101111
1011010000000010101010
1011110000110110111110101010
10011011101110111010011100111
100110111111101110101010
1001100010101001101110101101
100101000000001001110000110
10110110110011010101111000111010
1011000100010010111011111001011
10110101010111001101111111100101
100111111100111101101110101101
10111111010111000101100001101
10011011101010011010010100
10111011010111111001111010
10011101011000110111010
10000110001001001110000111
10110101010001111110110110101
10111111100111110111100001011
1011000011111100010011100011
10011100110111111101101101110
10110110110111111101110110000010
10010101110001100011001011
1001001000010110010101100010010
101110000011010011011001010
101100010001110101111101101101
101100001011110110011110111101
101110111100110101110111110101
10010100010110110010111110010
1001010111110101111101101110
100001011000001011000110101011
10011001011010000011100010000
10000000010110011100011001
10111101010111111101100001011
101101010101010100111110000110
1011010111010001100010100
101111010001100100011001000
101111010000011101011011000
101111000001000100111001000
10111100000001110011110011
10001000111000101100110111
101111010001010110001000000
10001100001010110001001010
10001011011000010001000000
101111010111000101111000111
10000111111001101011011000
101110000111000101101001010
101110000111001101001000010
101111110011010110000001101
10000111111000011001101001
101111010111100100001011100
10110100111111011000110110
10010011011110110100110100
101111010011100110010110011010
10111001100110011011111010101110
101101000001101110110110101
10010110000001110010110
101100101000101010011001
101100101011011011111110000111
100111100011100110011111001010
100101011111011011111110110101
10110000101011000101001010010
1011011111010
1001100010111101101011100111
100110001111101110010100
100110111000100100110100
10110101010111111010001101001
100011000011110001100010000
10001010011000101111100011
100010111001111100100001111100011
10011100110000101111100010000
1011111101100011001000001111
101100011011010110101010010
1000011000011000001101011
101101010011110110000110010111
10101111110110110
10101111110110110
100110011111010101101011000100111
10110100110010101110111101
10111100100110110010000010000
10000110111001000111000110111
1000011010011000011100010010
10011111000111101010101000001
1011101100011111010001111010
1000011110111000001100010010
10011110110011100110101001010
101100100100011101001011101
10111111000000000101101000
101100100101000100101000000
101111010100011101011000111
10001000101000100101011101
101111010111111010001000000
10001011011100010001000000
101111010101010110011000111
10001011011000010011001000
10001011011010110011110011
101111010111011010111011000
10000110011100110101101000
10000110011001101001001011
101111110011100010101100110
10000110011100100001100110
10001110000001111010
1000001011100110011110010110
101110110101111101000110000100
1001100101111011010011110001
10000010000001111001000
10110100001001100101111
1011010000010010011001
1011010001111011011101110
1011110000111101110101111
101110110100000010101010
10111111000101001101110000110
10000100001111101000111000100
101111010001110001111011000
1000001011110111111011111
1000110000010101111010
101111111001110111010110101100
10111110110010010011110101101
1011011001110110011110000011
1001100001011110001100010000
10011111000011110110000010001001
1000001100001110001110000110
10111101100010110110111101101
100010111001110010111111011000
1011010011110101010100010
100100001101100000000001100110
10010000000100010110010111010
1011010011111110001101011
1001101010110001110011111111
100101011101110001110010110
10011100110011111100110110
10011000001011110110000111000100
1001111000010101111110011000
100001100110010011111011001
10111110110001111100011100111
100111110110000111100101111
1000011110111111110010000
10000110011100111101010010
101101011101000100101001010
101100101001100100011110011
10000110001100100011001000
10000111111110010101000000
1000101100001110011000111
101111010111111010011011000
10001100001000111001011101
101111010011010110011001000
10001000111011010111110011
101111010111001101000110111
101100100111000101101011100
10000111111011010101100110
10000110011010110101001011
100101100101001101111011111
10000010000100100101111
10011000101001001110010110
101101000111101101110110101
1011010011101110110000111
10011011100101010011001
100101101111011111111111
100111010000000111000000
1001011000011011100101010
100110001010100110100110100
10111101000000010110110
1011110100110001100101010
100101100111000100110100
101101000010011111011000
10111100000010011001111
100001100000000100110100
100111001101100011000101111
1011000010111111101011101111
10111111010111101110110000111
1011110110010111000010001010
1011100001001010100101111
10000100011101110011100111
10011111011110101000110110
1011001101100001110100010000
10110100110011101110111101
10110100110110011110111100
10111011001011110010111000000
10011010110111000010101010
101100101011001011111111111
101110000100100100001111
10111000001011110010111100011
10111111010101111110110101100
1011010101000001110011100011
1001111111001111110110000111
100001100001001000101010
101100101001111111111100011
101101011111100111111110001
101100101001111111111111111
10001011011000101001110010
10001100001000100111110001
101100100101100100011011000
10111101010000000101000000
10001100011110010111011000
101111010011100010001011101
10001000111000010001011101
10001000111001101011001000
10001000111000101101000000
10001000111000101100110111
101100100111100110101001011
101100100111100110101001011
100110111011110110100101111
100000101110111000110100
1011010011100110011110000110
1001101111111011100110100
1000001000100110010100
10110100011110110100101111
10011011100101010010000
1011010000000010101111
1001001100010010011001
100001000111101110011001
1001110100000010110110
101101000100100100110100
10011011111111001101110
10001110110101001101111
1001001111110111001111
100001000111101110011001
1011101101111101110101010
100010110010010010110110
100001100000000100110100
10001011000000010110110
1000100011101010001110010
100110001110101001101111
10001110011100010110110
10010101110111111000101111
1011000100101100111101101111
101101010100110011110111010
1001100001111110111001111
10000010011100010110110
101111000011111011111000000
101111010001010011101110010
10000111101010011100101111
1011111100011100001011100111
101111010100001111111011111
1011000100011110001101100000110
1011100000110011001000110110
100011011001111111111110001
10111011110101010110001110110
10111011110111001101001110110
10111111000110011101101110
10000111111111010001010010
10001011001100100011000111
10001011000011101001000000
10001000101100100011000111
10001100011111010011110011
10001000101010110001110110
10001000111000010001011101
101111010011000010011000111
10001100011000010000110111
10000110011001101001001011
10000110011001101001001011
1001101110001001001111
1011010011100110011111011000
10000100000100111101110
100101100001001111011111
1000001000000010110110
10110100010100110100101111
10110100010010011101110
101101000000010011001
10000010010010010011001
101101000111101101111011000
1011010011000110001111
1011010000100110101010
100110111000001001111
10010011111011101101110
1011110000001010111111111
100110111111011101101111
1000100010111000111111111
1011101101111101110001010
100001100110001100001010
10001000100100111101110
1011110000110001101101110
101111000000100100111010
101111000011111000010100
10001011000100100001111
1011111110011111101101110
101100111001111110111010
100010110110101000001010
101111010001110000111110001
101100100111100101101011101
10001000111001111001111010
1001100010111000010101010
1011001001110110100111010
1000110001100101111101110
1011011011000110110011001001
100110011100111011100010
100101000101110011110101010
100000000101100100101001000101
1001111111101100100101001000101
1000011101111000011001110110
10001000101000100111000000
101110110101100100011000111
101110110100011101001101000
10001011000011101001000000
10111101010000000111011000
10001100011100010001111010
10001000101000111001010010
10001100001000111011110011
10001100001000111011000111
101111010101010110011000111
101111010101010110011000111
10011101000010011101110
1001110100001001001111
1001110100101001101111011111
1011010011100110011111001010
100011100000010010100
10011101000000010101010
1011010000000010101010
100110111010010010011001
1001011000000010011001
100111010111011100010100
1011010000101010101010
10110100111101110110110
100011100000010011001
10000100000000101110010
100000100000010101111
10010011001001101110010
10001110001010111000000
10010011010010011101111
10000100000100111101110
1011101101011111101101111
10011011111000110001111
100110111011111100010100
1000111011111000011001
10000010011100010010100
100011100010010011000000
100101101101010011000000
10011000111001100111111111
100100110000111111111111
10011000101010011111111111
101111000011001011111111111
10111011010000000011111111
100001000000000000001010
10001011011001111011111111
10111101001100110010101010
10110010011111100111001000
1011110010000101011000001010
1011110001010010001010001101111
1011000111000110111110
1011010101100010111101101000
10001100001100111011111111
10000100001100111011110011
101110110101100111000110111
101111010101100111001001010
101100100101000100111000111
1000100010000000101010010
10001000111111010001111010
10001100011111010011110011
101111010111111010011011000
101100100101000111001000000
101100100101000111001000000
1011010001111011010101010
1011010000010010110110
101101000111101101111011000
101101000101001101110010110
10011000101001001001111
10011011101010011010110110
101111000001111011010010100
10000100001111011011101110
1001001101111011011101111
100101100000001111010
100111010111101110010100
101101000000001111011000
100110111111101110010100
10010110000001001111
10001110111101110101111
10010110000001001111
1001011000101010110110
1001101111100011000110100
1011110000011100010101010
1000111011111000010100
1001110101100110010011001
1011010000100100001111
10011000101110001001111
1011110000011111100011001
1000001011010100111010
10110100000011110101111
1001110100101001110001010
1001011011001011101110010
1001001101110000111000000
10000100001110000111111111
10001000111111011111110001
1000100010101001110010000
1011101101000000000010000
10111011011100101110101111
1011100001010001100101111
10110101011011000101101010010
1001111010000011001110101001100
10110001111100010011010
10110000101111101111101100110
10001000111011010011110001
10001000111001111001010010
101100100111100111111000111
101111110011100111100110111
10000110011000001101001010
10001000111110010101000000
10111100000000000111011000
101111010000011101011000111
101100100111110010101001010
1000101100001110011110011
10001011011100010011001000
1011010000010010110110
101101000111101101111011000
100110111111101110010100
101101000101001101110010110
10010110011110110100101111
1000111000010010110110
10000100001010011010010100
10010011111001100110101010
1000001000010011101111
100110111111011101101111
101101000000001001111
100111010111101110010100
101101000000010110110
100101100010011001111
10000010010010010011001
1001001100101010011001
1001110101100011000101111
1001011001110001111011111
10001110011100010110110
1001001101111110001111
1011010011010100111010
100111010001001001101111
1011110000011111101101111
100110001011100011101110
100100111111100111010
10010110000011111101110
10110100011100001111010
101101001100101111101111
10011011101010011101110010
10011000101010011111111111
10001000111111011111100011
101111010001110000111100011
10111011010000000011100011
1000100010000000011111111
1000011000101001110101111
10110101010011000011101100110
1001100110010100110010
10110010001101010111010
10111101100111100110111001000
101111110011011010011110001
101100101011100101111100011
10000110011001011111100011
10111101010000000001011101
101111010101111111111000111
10001011001000100111000111
10001011001100100011000111
10111101010000000101000000
10111101010000000111011000
10001100011110010111001000
1000100010001110001110110
101101000000001110010110
101101001110111000101111
1011010000000010101010
10110100011110110100110100
1000001000000010110110
1001110100111101101111011000
10011011100010010101010
10010011111101111101110
10010110000001001111
10011101011110111111010
1011010000000011101110
10010110111101110001010
1001110100000010110110
100011100010011001111
1001101110000010110110
10000010010010010101010
10011011111000110001111
10011011111000110001111
10000010111101111101111
10010011001001101110010
100100111100011011111111
100100110111111011110001
10001110011100010010000
100100110111000101110010
1011110000011111100011001
10001110110101000110110
100100111100110011101110
100110111111110111111010
1001110101100101111101110
100101101100101110101111
10011000101010011111111111
10000100001110000111111111
101111010011001011111110001
10001011011001011101110010
101101011101010011111111111
10110000010011101111100001110
10111000110101011011010
10111001010000011001001110111011
101111011001000111000001010
1001100001111001011111010
100100000111100111101110010
1011100001110010111111010
10001000111011010011100011
101111010101100111011000111
101111110011011010011001000
101110000101111111101010010
1000011111111001010010000
10001011011110010111111111
10001000111110010111100011
101111010011110010101010010
101101000001001111011111
100111010000000100110100
101101001110011001100101111
1001110100001001001111
1001101110000010101010
101101000101001101011100111
100101101110111000110100
101101000001001111011000
101101000000010110110
10110100111011100101010
100111010010010010101111
10000010111101110001010
100110111111101110010100
101101000101001101110010110
100110111000000100101111
1000111000100110011001
1001001100101010011001
1001011000100111101110
10000010111101110001010
10000010111101110001010
100110111001001101110010
100100111100011011111111
100000100111000111111111
100100110111111011000000
101111000001111110111010
101111000011111000010100
101111000011111000010100
10010011110011001001111
1001110101100101111101110
100111010111110101111010
10011011101010011111000000
1000001011111011101110010
10000100011111010111000000
10111011010111000010001010
101110000111111011111111111
10111011110111110010101001010
101110011001111000000111001110
1011001101111110111001001011
100101000001100010101101110
10011110011111101010010100
1001100001111001011111010
101110000101000110111010
101111010011000001111100011
10000110001100111011001000
100101011101010011111000000
10011000011101010000101111
100001011100001111111000101
1001000001110011110111011000
10000111101000100111000000
10111011010000000101111010
1011010000010010010100
1011010000011011100110110
1001011001111011010010100
1001011001111011010110110
101101000111101101111011000
1011010001001001111011111
10011011101001001111001010
1001101110000001111001010
10110100011110110100110100
1001011000000010011001
10010110111011100010100
10110100000000100101111
10010110010010010101010
10001110110001101101110
10011000100101011101110
100111010111011100010100
1001011000100111101110
1001011000100111101110
10000010111101111101110
1001011000100111101110
10110100110001101101110
1011010001110001111010
10000010011111101101110
100011101111100111010
10001110011111100001010
10001110011111101101111
1000111011111000010100
10001110001001000101010
100000101111101110011001
100101100101001111101111
1001110100101001110001010
101101000111000010001010
100100110100011011000000
10011000111111010111111111
101111010001110000111100011
101100100111111011111110001
1011111110011100001111010
10011000011110010110101111
101110000111001111001110010
100010110000000000001010
1011110101000000000001010
101100100111011010011111111
1000111011000101011110001
10111101011101101000001010
10011100000001001000110110
10111011110111011011111111110100
10110101010111010101111010100111
1011010101010001101110011001000
1000011010110011110111010
101110110100011101001010010
1011010001010011010101010
1011010001010011010101010
10111100000000011101111
1011010011100110011111011000
101101001110111000110100
101101001111011100101111
101101000101001101110101100
1001110011011100010001001011
1000001000011011100110110
1000111000010011101111
10011011101010011010110110
10000100000100111101110
101101000101001101111011000
10010110111011100110110
101101000001101110110010110
1001110100000010110110
10010110000001001111
100111010111101110010100
100101100010011001111
1001110100010101001111
10110100110001101101110
10110100011111100011001
100110111011111100010100
1001001101111110001111
10000010011111100101111
1001001111111001101111
1011110000011111100011001
1000111011111000010100
10001110001001001101110
1000001000001111111010
1001110101111101110101111
10011000111010100001111
100111100011110111110010110
100001101001001001111001010
100111100111111000011001
1011100001000011110001010
1011110100001001000001010
101110110101010011111110001
10111100000000000011110001
101111010011100101101111010
10000100011111010111000000
10001100011100111101111010
1000001011100111111110001
101110110101000110111010
10011100000010100111001111
1011101111000111101101110011010
1011101100101111101100100000000
10110101010111011011111111100101
1000011010000000001101111
101111010001100111001110110
101101000001101110111011000
1000001000000010010100
100000100001001111010
10110100111111011000010100
10010011111011100101010
101101000000001110010110
1011010011100110011110101101
1000011101111001101001000011
10011011101110111010011100111
1011001001111011100001010
10000010110110111110010100
100111010111111011000110110
10000100000100111101110
10011001011110001011110011111
100011011001000100101011100
100011100010011001111
10010110111011100110110
10010110010010010101010
100111010111101110010100
10011101000101011101110
1001101110010101111010
1001101110010101111010
10011011100101010011001
100110111011100010011001
100000101111100001111
100000101111100001111
1011110000011111100011001
101111000001111110111010
10001110011111101101111
1001001111111001101111
100111010110011001111010
1001101011000001111001010
1001101010110100100000111001011
1011110010010110001001011010100
10110110110011000001010111001111
1001100101101111110110000111
101100101001010011111000000
10111101000000000001110110
100110001000011110001010
1000100010000000011111111
1011101101000000000010000
10001100011100111101110110
10011000111100101111100011
101111000011100101111000000
10111000011110011110010000
10011110010101001111101110
10000101110010101110010110
10011111110001001000101010
10000111111100101111111111
101110110101111111101110110
100110111000000100101111
10010110011110110100101111
10110100111001100110101010
10001110111011100101111
1011010011100110011111001010
1001101110111101101111011111
1001001100000100101111
1001110100001101110110010110
10000100001010011010110110
10001000100011011100010100
100010001111001100110101010
101111010100010011101110
10010011000000100110100
100101101110111000110100
101101000111101101111011000
100111010000000100101111
10010110111011100110110
10010110010010010101010
100111010111101110011001
1001011000100111101110
10011000100101011101111
10011000100101011101111
1001001100101010011001
1000001000100110110110
1001100011100011000101111
10111100000111000100110100
1011110000110001101101110
1011110000011111101101111
10011000101110001111010
1001001101110001111010
1000001011010100111010
10011000010000001110000111
101111011000111110110001011001000
1011110010010111011001101001001
101100001010010010000000100100
10010100001000001010001110
10000111101111110001111
101110110111111010101010010
101110110101010011111111111
1000100010000000011111111
1000010001111101010010000
1000010000000000011100011
101111000011001111011100011
10011000111100101111100011
10011000111100101111110001
101111000011100101111110001
10001011011001111011111111
10110010011101101000010000
10001000111011010011100011
10000100011100111101010010
101101000111101101111011111
10110100000100100101111
1011010000010010110110
1001011001111011010110110
100110111011110110100101111
10010110011110110100101111
10110100000100100101111
10110100000100100101111
100011100000001001111
10111011011110011001100101111
101100101011110110000011100111
100111100000000010110110
10111100000001001111011111
101101001110111000110100
10000010010010010010100
10010110111011100110110
100111010111011100010100
100110111010010010011001
100101100000011101110
100111010111011100011001
100100110010011111010
10010110111011100110110
1011110000110001101101110
1001010001011000101100001101
1000011110111000100110100
101111010001001001110000111
1011110000110001101101110
10000010110001101101110
10010011011111101101110
1001001101111110001111
10011101001110001001111
100011000110001100010100
100111000000001001110000111
1000110101111000100111110001011
1000011101111000100111010101100
10011010100000001110000110
100001111001001001101110
10011000111001011111110001
10000100011111010111110001
10011000101010011111000000
1000111001010011111111111
10011000111001011111110001
100001000010001100010000
10011000111001111011111111
1000111011001111011111111
1000111011001111011111111
10011000111001111011111111
101111000011100101111110001
1000010001101101000010000
1000010001101101000010000
101101000001001111011111
10110100000000100101111
10110100000100100101111
10110100000100100101111
100110111011110110100101111
10010110011110110100101111
1011010000010010110110
1011010000010010110110
1001110100001001001111
10000100011111101100111011111
100111100001111101000111000101
10000101110001001111011000
100001000000000100101111
101101001110111000110100
10000010010010010011001
1011010000000010101010
10010110000001001111
101101000000010010100
1001011000000010011001
1001011000000010011001
1000111000101011101111
10011000101110001111010
1000001011101110111011111
10111011010010011110010110
10011111000111101100001001000100
1000101100000001111000101
100111010000000100101111
100110001001001000001010
1001011000101010110110
10001110001001001101110
10111100001100110010001010
1001011000101010010100
100010110110101001101110
1011010111001001100101111
100110101000001001111000101
1001101010001001001111001010
101111010111010100001111
1001001101010011101110010
1000111011001011111000000
1001001101010011101110010
100011100101001110010000
10011000111001011111110001
100001000010001100010000
10011000111001111011111111
10011000111001111011111111
1000111011001111011111111
100100111110010110010000
10011000111100101111100011
1000010001101101000010000
10111101001110010110010000

