37
50
100111111101110111100011001010
101110110010111100100111101010100
1011101111001110011000000111011
10110000101001111100111101101101
100000110000111110010010100001
1011111101110111110010000011000
10011111110001101011011100000
100101000001101101101010100001
1011111101111101010110000111011
100110101101100101111111110
10110011000111111011101100001
100000111111000101001111110
10110001001001001000000111110011
100110000010111100100100111110000
100110101101111101100110110
10111111010101111100100111110101
100110000101101010000010111
10111111011111010101101111110111
1011111101010111101100000101100
1001111101100001100001111001
1011111101110111101100011100110
100101011010110011011111100010001
101100010010111100100101100010000
100110000010111100100111110011000
1011101111010111101100010100001
10111011001111000001001101101110
10110011011000101110010111101100
1011010101101100010001000111011
100000000011000001111000110
1011011011110000101101101111101101
10010010100110100111000111
1011100100111001111100100101
10001101110110100001001011
10111000001111100000100111110010
1000000000110000011110011001
10110011000111111010101111001
10001101011011111001000010111
100011011000011101111001001
10011010100111011110011001010
1001111100101101010100010100000
1000000010111111011000100111
10010111010100101011100011
10000101101110110101010001111101001
10110111011011110010100
101101101111001110111001010001000
10001101010001100000110010001000
1001010011001010
100000111011100000001000011
100100010000000110011101011100
1011000101100110010010101
100001011000111101100000111011
10011111001001100000101100001010
10111011110011100110001111110111
100000110001101010110010100001
100001110111100001010010100010
100111100101111111011011001
100101011111001100001111000
10110110110011000100001101101110
10111000001101111100111101101100
100110010101101101101011111011
1011011011011110000010000111011
10011100000111111010100010111
100000110001100001010000111011
10011111001101001000011100010010
10110011100011011001111001
10110101010101111100000111110011
100101000100111110101000101100
100001011100110101100010111
100111100101101010011001110
100100100000111001100101100000100
100011010111100001010011010100
1011100001000110100011000
10011001010111111010100010111
1001111101011110000010000011000
10110110111011010101011111110111
10111011001001010110101110000011
10110101010111000001000111110101
1011110010011011101110101100010001
10011001111101001000011110000011
10111011000001111110110101
101110110000010100011100111
10110011011001010110100110000010
10011111111000111010110001010
101110110000101010111001010
100000000001100100000100100
100101011011101111011010100100011
10011000010011010110001100
10110011000111011110011001110
100010111111110001010101100
1000010010000111111010101111
1001101010000001100011011001
1001111101011110000011000101100
10011110111000110110111001110
10110111001110010001111
100110011011100100111000111
1011111011010011010100111000000
10010001011010100011011001001
100011011111100100111000111
100111111011011010011110110000
100111111011000001111010101111
100110000010111101100011110110010
10111011110011100110001111110111
100111000001110111101011111011
101111111001111111011001110
100101000100111110101010100001
10110001000011000100100111101100
100110010111110111101011100110
10011100000000011000011111011
10011110110001100000100111110010
10111100100001100111111100001010
1011111101110111101100000101100
100001011100011101100110110
100101011101101010001010111
100110010111110111100010100001
1000011010010100001011111110
100110010111110111101010100001
100110010111110111101010100000
100111001101111110101011001010
100001011001101101110010100001
100011010111101101100010100000
10110001001001001000000111110011
10110001001001001000000111110011
10111011110001111011001101101101
1001111101100110101101000001
10011001111100101110011110110011
10110101010001001000001110000011
10111001100011000001001111110111
1011010101010110101011000011000
10111001100011001101101111110101
10011000001001001000001101010110
1000101000101111111001010
10010101101101100010011001101010101
1001110111001010010001010000110010
10110010000100101111111111
10110011010111011111110001010
10111011001000101110111101101101
1011010101100111110000000101100
100001101011011011010001111
1001111101000110001100110101011
100111011011100100100101111
1001111011010010010011110010011
1001111100011111111011001100000100
10011001111101001000001110110011
10010001110110000110111100101
100000110000111110101011100110
10111100100011101100101111011001
100010111001110000010100110101011
1011001000011001100010000
100101001110100010011111100
10110011110111110100110011001
10001010111001111011111101100
100110000101010000111001010
100001011100010110001100001
100111001101111110101011001010
10011111110010100000011111011
100110010111111110111011010100
1011111101111110000011000101100
100111100001101010011010111
1011110110001111111011000010111001
10110000101011000100010111110101
100101000101100001010010100001
10110110111011000100011101101100
10111000001111010101001100001010
100111110000111110110000111110000
10110011100001011111111110
100111000001111110111011001010
100011011001110011001100001
10110101011011010101001100001010
101101100101111111011001110
10110011100100000111001010
1000001100011000010101111110101
1000010111010100001011111110
10011010100000111011010100000
1000010111010100001011111110
100001101001010000101100001
1011110010010111001100100110101011
100100100011111101100011100010000
100010010011001111011111101100
1000101010000111101111101000
100111011101001010011010010111011
1011111111011101100011001
100001011010010001010001100000111
10001011101000010110110011110111
1011110001001101110110110
1011001100101100111011011011111
10111001100011110010010000101100
1011011011001100010010110011000
101110110010111110110001110111100
10110001011010101001000110
100111000101111111111100110010
100100100001011111010001111001000
1011001100111000101011100110011
10110010100001101011110100
100001101001010000101010111
1011111011000011111010000101011010
10110000101011010101011101101101
1011011011001110011000000011000
1001111101100011101101111000
1011000001010000100111111011000
10110010111011001000111110111
10110110010110010100110001
101111011000101010011011100110110
100110101101100101011010111
1001111111001010000100011010
10011110010001101011011001
1011100001011110000001100
10011000001001001000001101010101
100011000111111100110001
100000110001101010110010100010
10110110110011100110000111110101
100001101000010110000010111
100101011101110011001111000
10111011001101001000111100010000
101100101001111101111100001
100001011001100001010000101100
100001110110111110010000111011
1011111101011101010110001101011
10011110110011000100011101101100
1001111111001010000101101011
100011011001101010001111000
10110001001001001000111100010010
10011100110000101100010100010
1000001100011011011101101101100
10110101011011010101011100010001
10110101010001001000110110101011
10111110110000111110100001111100011
100100100001111110110000101011010
10110001000111000001001100010000
1000011011101111011101110111010
10110001000111000001001100001011
10111111011001110111001110111010
100010010101000101100110111
1011110110101100000001011101
10110000110001111111001111
1011100110011110101000110000010
10110011011011100110010000011000
101111110111111001100011010111
1011110110001010010011101010101
10110000100001111110011110
1011110010010111111011001100010000
10010101101110000011100010001
10110011110010101100000001
10010101011100011111000101
10110001000011000001001101010110
100110010111101101101011111110
100101001101111110011000100111
10011100000111111010100010111
100101000011101101100011010100
101110110010111100100101110000011
10011111001001111100001111110101
10111110101000111000001101110
100110000010111101100011100001010
10110010100001101011110100
1001101010000010110000010111
10111000001001111100111111001000
10011111000111101101111111111011001
10111000001111010101011101101101
1001010011010111000111110110000
100110101001110111101011111011
10011111010111000100001101101101
100101000001101101100010100001
10111111010111000010111110111101
10111000001011000001001100001011
10111011110011101100111111110101
100101000011111011001010100001
100011010111111011001010100010
100001011101100101100110110
10011111010111110010001110111101
10110011011000101110111100010010
10110101011011100110001110000011
10111000001111101100111110000011
10111110101111001111111001011
10110101010111001101101100000100
10111011110101111100101111001000
1001111101000011110110111101110
10011100000001101011000111011
1001111110111110111110011001
1001001001111110001001001
10111011001011001101101101010101
1011110010011110011011110010111011
10111101100111010101101111110111
10110001001111110111001010110111
1011101111101110010110000100
1011110010111100010100100100
100010010001100111001111100011
1011011011111110101001101010100
1011110010000100100011011111110
100110000010011101110101101101101
1011100011111101101110010110
100111110000011111010001110000011
100001101110000011110010111011
101110011111100110100010101
100110000000000110011001000010
100110101011011111000111110011000
1011111101011100001011011001010
1011011011001110110010000111011
100111001101110111100110011000
1011001010000101110001100
100001011001101010110011010100
101111101010001110001111110
101111001001100011011101110000011
101101101101111001100001100001
101100110111100000010100100011
1011110010011111101100000110101011
10111000001011000100101101101110
10110101010001001000111100001011
10111001100011000001001111001000
100011010111101101100011001010
10110101010000101110111110011000
1011110111011100001000001
100100000101010000101000001
100001011100110101100010111
100110101001111110101110011000
100101000001111011001011010100
10110110111011101100111101101100
101101100101111101101111001
10011111110011001011011100000
10011111010111000010101101101110
10010100010000011000000111011
10110011011111100010011111100110010
10111101100011110011001011000001010
10111001100101110011001111000100111
1000001100001111101010111110101
10011110110011100110001100010001
1001101010111111001001111111011000
1001101010111111001001111111011000
10011000001001010110100110101011
10011001111101001000111100110110
10011110110100100110101001101
1001110111010010100110101010110111
1000000000110000011110011001
101100000100111100100111100010001
10111011001001010110101111001000
101110110000001010110001011
101111011000101111011011100010001
1011001011111110010111111101100
101111101100101111011011110110011
100001101110000011110100100001
100001110000101111110011001
100111110000011111010001110000011
10001010111100101111110110000
101101011011101110000111010
100001101110000011110100100001
10010100010111100100011010111
1011011011001100010010110011000
10011110010110010110011000
1011110000110010100110111
10110011100001011111001110
100111100101111111011011001
10110011011000101110010110000010
101111001000010101101000010111
1011000001010010010011110011000
1011000010101100010010011010100
101101101111100101010010111001
10110001101111101010101001101
101101011101111101111110101
100010111011110011011111100000100
100110000101110011011111110
100110101001110111101011111011
100110101001111110101110011000
100111000001111110111011111110
100101000101101101100010100000
1011111101011101010110000111011
10110011100001101011111100
10011010100000101100011111110
10111011110011100000111110111100
10111101100101111100101110000011
10111011001011000100101100110110
10110110110111011011001101101110
100101011010111100100100010111011
10110101011110111011101001111100011
1000011010011010100011111011
100110101101111111001101011
100111100001111101101111000
1000011010010100000011111011
100001110111101101110000011000
10011111110010100000011111011
100001101001110011001100001
10011001010000111011011111011
10111001100001100000100111101100
100000111111001111011000110
1000100100000000000010011
1011100110010000110111011010101111
10110101010001001000011110110011
100010111001011111010000110011111
10110101010000101110011101101100
101111110101111000001000011010
10110101010100101110011111110111
101100010011111111001100000100
10111001100011110010010000101100
100111111001111111111100110011
10000111011110000101101101011
1001111011010101001110110101011
1000011011100111000011100010010
1011111010011101111101111110
10000101100011110110001111000
1011001001011010110001000
10111000010100000111100001
100110010101111110111011010100
100001110111101101110000101100
10111101100001100110010111110011
1011100100011110001110110100
1011001011111100010011000100111
10110011100111000000111010
100111110001100000010110101011
10111001100001101010111100001010
1011111101111110000011010100010
100100000101010000001101011
1011111101011101010110001101011
100100000101010000001010111
1001111111000010110000110110
100001101001010000101111000
100000110001101101100010100001
10111111100110000111100001
1011111011001110101011110100100001
10001101011000111011010100000
100101011010111100100100010111011
10111001111011001110010001001
10111001100011010101000111110011
10110011000011001011011100000
100001100111111100001100
1011001100001010001000010111
10010010010010010011111101100
10011110110011010101001110111101
1011100110011001010111110110001
100101011011101010011010110101011
101110011001000000010010111011
1011110010010011101110100110000010
1011101111010111101100010100001
100001101001010000101111000
100111100001111111011010111
10110000010000101110010110000010
10111110110001110011001011111011000
1001111101000010100110101110111010
10011110110011000100011100001010
1011101111001110000010001101011
100010111011011101110101110110010
101110111100110101010100010111
100111110101111011001000010111
101100110110110000010101111011001
101111101100000010011110011000
1000011011101111101110111110000
1011000100111001001001110011000
10110011010110111011000110
10011010101101110111010000011000
101100010010111101100011111110111
100110101101010000011100001
101110110111010111010011
10011111110111111010101111000
1011101111001101010101010100000
1001111011000010111001011001010
10110000101111110010011011010100
10110101000000000101010110111
101100000101000100111101010101
1011000010111100000100000101100
10011110110011001101100111110101
100110000101110011001010111
10011100000000111011110011000
100110101001111110111011111110
100100000101010000001010111
100111001101110111101011111011
100110000101110000011010111
1001111111001100101101100001
100001011001111110111011100110
10011001011010100000110011000
100101001101011110110111011011111
10011111001011010101101100001010
10110101010111000100101110110010
10110011100101011111010111
1001111101101100101000010111
10011100110000011000011100000
100101000001111110101011111110
10011111001101010110101101010110
1011000010111100010010000111011
10110001000011000001001111110111
1011110110011110011000011010100
10010100010110110111001100001
1011100000110111110011000111011
1011110110011110110011001101011
10110101010001001000011100010000
1011110010011110011011110100100011
100011011001101010001111001
10110101011011000100000111110010
10010101101110111011101011010101111
10010101101110111011101011110110001
100101011010111110110000110011111
1011011011001100010000011001011
1011111011000111111011001100010001
1011011011101100010001110011000
101111011001110101010000110110
10111110001000100111110010011
1011000001010110001100111110010
100111011101011111001110000011
1011011010011011010111100110010
10110000010011100110010000111011
10000011000111000001011111110
10011001011111101100101100001
10011001010111011110000110110
101100101011001100011101101
1000000111111010111001101111
10111000001011110010011010100000
100111110011111001100101111110111
1000000011100111100101011010
10111101111110010110010111001
100101011010111001100101100001011
10110101111100110000010110
10011010100000011000011100000
100101000011110111100010100010
100001101001010000001000001
10111000010011011011110101
100101000011101101101011111110
1011111101111100001010011001011
100100000101111101101111001
10010000010001101001010111
10110110111111100010011111100110010
10111101100101111101011111110111
100001101110000100101111101000
1000011001101011111110100
100001011000111110101011001011
1011111101111101101110010100010
10111000001111100110001110111100
10011110110011010101001111011001
100011010111101101110011111110
10110000101111001101101110111101
1011111101010111101100011100000
10110011100111110110001000
10011100000111111011101111000
10011001010111011110101000001
10011001011111011110000010111
100000110000111110010010100000
100100100001110000010100110011111
10110001011011100111000111010
1001111101101100101101111001
1011110110001111001100100100100001
1011110110001111001100100010111001
1011010101111011101110100100100000
1011101111001101010110011100000
100010111001011101110101100010000
100111110101111001100000010111
100001110011100101011000110
1011000101011100100001111100011
1011110010011000001010100001
1000101010100010011100110110
101101010111100101010111110010
101100001010110011011001000001
10010100010111000001111111110
101111110111110000101100010111
1011011011111001010111111011001
10011110000110010110001100
1011000010101101010100000111011
10110001000011111011001000111011
100101001111100001000001101110
100000000111101111101111110
101100010010110101011111101101101
1011011011011110110011011010100
1011110000110010100111010
100011011001110011001000001
100101011111001100001101011
1011111100011010110001111
100111100111001100011010111
100111100011001100011100001
100101000011111110111011111110
100100000101111101101111001
1011111101011110111101001101011
10010010001101101010110110000010
100000000011111010100001111
1000011111100101011101101
100001011101100101101010111
1001111101101010000001100001
1011111101011100001010001101011
1011011001000110100001111
100100100000010101101110110000010
101110111011001100111011011111
1011110110011110110011000111011
101100010010111100100101100010000
10011110110011000100101101101110
1011100110010000100111010101111
10110110110011101100111110111101
1001110000000001100001000001
1011011011101101010101000111011
100100100001110011011111110110010
1011101111011100001011110011000
10110001001001010110100111110010
1011011001010000010010110
10110101010111010101001101010110
1001110000111111010101110001
1001111100011110001001110100100001
10110001000101001000110111110101
10111110100110000110110011001
100100001100110101001101111
10000011111111101000110101011
10000000001101011010101011010
10000011110100011100101011010
10010010000000010011111110101
101101101100110001001000011010
10001101011111100100001010111
10000101100111100100001010111
1011100110011011100010101011010
100100100011110011011111110110011
100001100010000010110111
10010100110101010011111111011001
101111110101111011001000010111
10011111011111011110111001001
10111111100111001100001000
10011001010111011110000110110
100011011001010000101010111
10110110110111110010001110111100
10111111100001011101111001
100001011101010000100011010
100011011001100101101111000
10110110111011100000101101101101
1011101111011101101110001101011
10011110010110101111100001
10110011110111001011010100111
10000111010010001001011111111
10011001010011100110011111110
100001011101101010001000001
10011001010000101100011010100
100001101001100101000011010
10011111110001101011110011000
100011010111111011001010100010
100110101101101010001111000
100110011111111100100101101010100
10111110110011111011000011110010010
100011010111101101110001101011
100100000101010000100010111
10111111011101111100101111110101
10110001000001100000101110000010
1011111101111101010110011001011
10011100000111111010111010111
10110001000100101110111111110111
1011010101010100100000001101011
101100000100111100100110111110010
100101011010111110110001101010101
100100000101111111011001110
1001111110001001000010011
10110101010111000100101110110011
1011001100000110101101101011
100110011101100010110010011
1001110111010110001101100010000
1011001111011100110101010110111
1011010101111011100011110111101
100010111011000001011100110
1001010011111100110111111011001
101101101101011111001100110110
10000101100011110110001111000
1011010101100111110000011111011
10011111001111111011000001101011
100010111011111001100110111101100
101110111101110101010101100001
10111001100111101010011110010011
10010100001011111001000110110
10011001011110110111001000001
1001111111000001100001101011
1011101111011100001011000111011
100011010111111011001010100010
100110010101111110111011100110
1000010111010100001011111011
10110011100100000111010111
100110000101100101001101011
100101011101111101111111110
10011100110000011000011100000
10011111001011000010111101101110
1000000001111110100011001110
10011001111101100000101100010001
10110110010111100111001010
10110110111011110010001111011001
10111111010111011011101111110111
1000010111010100001011111110
100100000101100101100010111
100111100101111111001010111
100000110001100001010000111011
10011110110011000100101110000011
10111001100011000001001110000010
100110010101110111101011001010
10110110111011010101010111110010
10111101100111100000101101101100
100110000101100101001101011
100110000010111100100111110011000
10010100000111101100101111000
1011000100111110001101100110110
100100100000011111010001100001010
1011010101111111111011001110011000
10010010010010010001111100011
1011111101010111110101011100110
1011110110001011111000110010111001
10011111100000111101110001
10110101010001101010111110000010
100010111001110001001111100010000
100101011000010111101110001
1011001011101010110001111100011
10110001000111100110010110011000
10111011101100000111110110010
1011011010001110011101110111010
1011100000110100100011011100110
1001111100101100000100010100000
10110101010011111011000000011000
10001011100101010011011101010110
1011100000111100000100011111011
1001110111010110101001100010010
10110101000111111110101001101
10111000001111000100101111110111
10110011000111111011100011010
100111001101111110101011001011
100011011001110011000011010
100110101101101010000110110
10110101110001101011001110
100111100001110000001010111
100111100001100101001100001
100001011001100001010000011000
100110010111110111101010100000
10010101110001011101111001
10110110110111011011101111110101
100001011001111110111011100110
10110110110001111100101101101101
100100000101111101101111000
100100000101100101001101011
100001110111101101110000101100
1000001100011000010101111110111
100101000011110111100010100010
100101000101101101100010100010
100110000101010000001111001
100110010101101101101011111011
1011110110011101010101000101100
1011111101111111001000010100000
10011100110111011110000010111
100001110111110000011010100001
100001101000110101101101011
100001011001100001010011010100
1001111110010001100101001101
1011011011101110110010011100110
101110111100111011001101000001
100000000111010110101001001
101110110000101111010001001
101100000100111100100101110110010
10010100001000011000011001011
10110101011011101100111111011001
10010100000111011110100011010
10011110110001100000101111110101
101101010100111110110001101101101
1011001101111011111101100010001
101111001000001011100100011010
10010010000100010011110111100
10011111000000011011100111110101
100100011110111011101101001011
1001010110111111101110111110000
1011001001000110100111010
100110011111110101011111100001010
1001000111000110100111110101
1001111100011010010011110110010
100111100001100101111001001
10011110110011001101100111110101
100001110111100001010010100010
10111111100001011111011001
10111000010110000111001110
10110010100011011011010111
10111111100001011111011001
10111000010100000111001110
100101011101100101000110110
101111111001111101101010111
100011011001110000001100001
100001110111111110101011001011
10011010110110000111001110
10011110000110101111001010
1011111101111111110101010100000
100101000101111110101011010100
100101000101111011001011010100
100101011101100101011001110
101111111001111111011001110
100111001101111110101011001010
10110011100100000111001010
1011101111011111001000000011000
100111001101110111101011111110
100000110001110000011011100110
10011110110011001101100111110101
10011111011111111011101010111
1011111101011110000010010100010
1011101111001100010000000101100
100100000101010000111111110
1011110110011110110011001101011
10111001100111100011011111011000
1011000010110111110000001101011
101111011001111011001001111000
100110011101100010110010011
1011111011000011111000111100000100
1001110000001101010000110110
100000110001101101101011100000
10110000010000101110011100010000
10111000001011000100101110111100
101100010001111100100101101101110
101100110111100100111101010100
100111110000111101100001110111101
101101101110010010001100010111
10110011000111100100011001001
1011010101100100100001010100010
101100010001010101101111101101110
101100101001100101011101101
1011011011001101010100010100001
100110000010111101100011100001010
1011110010010110110111111100010000
1011101111011110000010011001010
10011010100110110110101111000
100110101101100101011010111
1001111111000010110000110110
100110101101100101111011001
100110010111111011001011100110
10011111011000111011011010100
101111111011001100001100001
10111111000001011101010111
101101011101111101111011001
101100100111001001000010
100111001100001011111111110
100110101000110000111010111
10001101101111111011001001
1001100101101100101101100001
100100000101101010011001010
100000110001111001000011100000
100110000100110101111100001
100110000101010001011111110
100101011101100101011010111
10011100000010100010110011000
10010100000000111011011001011
1011111101011101101101000111011
10110101010101100000101110011000
10111011110101111011001111110111
100011011000011101101101011
100110000100001100001010111
10001011100100011011100100100011
1001111101011100010000010100010
10110000101101111100111101101101
1011011011001101010101010100001
101100000100011111000111110000010
10011111110111101100111001010
1011101111101110010110000100
100000001011110110101111100011
101110111100000101100110011000
1001100101101110011011010111
100100100001111100100101110000010
100100100011111100100101100010000
10010010011101010011001101111
1001111111111000010011110111
101100000101000100111101010101
10111110110010000011110000010
10111000001011110010011010100010
10110011000110101011011001110
1000011010011111010111111100
1001000001111111010111001010
10011100000111011110001010111
10011001010110110110101010111
1011110010010011111010000111110011
1001111101011110011000010100001
1001111111000011101101111001
100001011001101101110011100110
100101000101111011001011010100
100001101000110101101111001
100001100011000010011000
1000011000111100011100001
1000101101101100111001010
1000110110010100001110011000
100110010111111110111011010100
10011111000011100110001100001010
101110011001100101110110110011111
100101011011111010101001110110011
100101011011111000100101110011000
10011010101111101100101110000011
1001010110111111110110000110011111
10110101010011001101101111011001
10010100001111011110001100001
100000110001110000011011100110
100111100001101010011011001
10011100110001101011011010100
10011111010111011011001110111101
10010100000010100010011001011
10011010110001011101111000
10011111010111000100000111110101
10111000001001010110100111101100
100101000011101010110011100000
1011111101111110000010011001010
10111000001011001101101110111100
10011100110110110110101101011
10011001011111011110001100001
10110001000100101110110111110010
101111001001000011011101100110110
10011001111100101110111101010110
10010001001000000001111100
101111001001111000100010111101100
100111110001101001000011110000010
101111011000101001000001110000010
1011111101100011101110100101011010
1011001101111110000010100110011111
101100000110001110011110111
100001101110110101000100100011
1011011011111110101000101011010
100111110000011111010001110000011
10010001101100010110010101
1011100110010110001100100100000
1011111101111100001011011111110
100110000010111110110010111101100
10111011001111000001001111011001
1001010011010111111011001101111
100110010111101101101011111110
1011111101011101010110001101011
100110101101101010001111000
100110101101101010001111000
100101000011101101101011111110
100011010111110111101011100000
10011010110001011101100001
1000010111011100000110011000
10011001010000101100011010100
1001101011011110010001100
101111100011111000110010111001
10001001111000001000111110011
100111000101010110100110000010
101100101110111110001111111011001
101100110011101010111111111011000
10111001101111110101111110111
10000000010100011001111110
10111111011100010110001000001
100001101001111101111111110
10110011000011001011011111011
10010100000001101011011010100
1001100101001010000000010111
100011010111110111101011001010
1001110000000110101100110110
100101000011101101100011001010
10110001000011000001000111110010
1011111101111101010110011100000
1011110110011110000010011010100
10010100111010001001000001
10110000101111001101101111110111
100101011010011101110101101010100
100010011000000000101001101
100101001101111110001010110111
10110001000101111100111101101101
10010100111010100110111100110010
1011010100111101100010100100001
1011110111111110110001101010100
1001001001111101100011101010100
100111011101001101010111100010000
1011011011111111110110001100010010
1000101011111011111111011000
101101101111100010010110101011
100100100011011111000111100010000
100101001110001110100010011
10110101001110011110000001
10111001000010101000011100
1001111100101100001011010100000
1001010110111011101110100110000010
101100101001111101111101101
10011111001011001101101110111101
10111011110011101100111111110101
10111111010111000010111111110111
10000101111111110111011001010
100101000011101101100000101100
1001111101011100010000010100010
10000111011111101100100011010
1011011011011110000011001101011
1001100101000011101100011010
10000101100011111010100010111
1011100000101110000011011001011
10110010111111001100100010111001
100010010001111100001101010100
1001010011100101110111100000100
10111001011111101100010010111001
101101010001101010110110101011
101111001010100100111101110
100010100110011010011001000
100001001111101100000010111001
1011100110010111001100100010111011
100011011011001100011010111
10110101010111001101101111001000
1001100101000001100001000001
10111100100011000100101101101101
101111011000100011011100110101011
10111100100001111100001101101101
10110001101110010110001101110
101100111100110010000010011
1011011011111111101110100100001
1001111100011111001100111100010010
100100100000011111000111101010101
10111001100001010110100111110010
10110001010110001011110010111
101111101111110011110000001
1011001011101110000111111101100
1001110001010101101110100100001
101100011001001000110110011111
10001001101010110101110110011
10001001100101110011110110010
1011000110111110110010110101011
100101001101111100100101100110110
100100100100011011100010111001
10000110111001111011010010111011
1011000100111000000111110010010
100101001110111111110010011
1011110110001111101100000100100011
1000011011100100100101111100011
1011110010011111110110010111110011
1000000011111011111001101111
10110110110011010101011111110111
100111000101111111111110111
101100010010111001100101100110110
101110000010111110110010111110011
100100100001000000101110111010
1001111001111111011100010111
101111011111011010001110111010
1001111101000110001101101010100
101111001001101010011011100001011
100110000010011111000111101101101
1011011001011001011110100
1001001000110101011010000011000
101110011001101100111110111101100
100010010001101010110110000010
10001010111001101101110011000
10111110101111110110000100100011
100001110101100010011111001101111
100111011101011100110001110000011
1011100110011111101100011100110110
10101001101010101
100111001011100011011100111
1011100100101010001101011101
10001010111001111011011011111
100101011010110001001111100010001
10110000110111010011001000
1000111111001000110101100
1001100110111111010011110001
100100011011001101001001001
10110101100001111111001111
10001100101110110111001101
100000110011001001000101011001001
10000000001110011110010011
101100101100011001110001011
10000101011110011111011111
10110000111001010000000001
101110100101010111000100
101110011001101100000101101010101
101100110111111010101101101101110
101101010111101111100101111110101
1001010110101101101101010100000
101101010111111110010001110000011
101111101100111100000101101010110
10111000101110000100110001010
1000101000011001110001011
10000011010000111001110110
10111001010001111110011010
10010010110000111011110011
1011100111001000111100001101
1011111011001010101101111100000100
10000111010111000100111001111
1001110111010000100111100110010
10110000000100101011111111
100101000101110110010001101011
101110110010011101110100110000010
1001110001010001110110110100
1000000011100000110010101
10000000001110011010001001
101111001011110111110111101101
1001100111011001011011011011111
100000000011010110011110110001
1011101111111110011111110101
101100011101001011110001011
1001111110110101011110110011111
101110011001111000010111101101110
10000000101111100111101010110
10011110110111000100010111110010
10001001101100000101110110011
101111011000011010101001100001010
100100010011101101000111101101
101110010010111101111101111
100111011000001101011100111
10010111100110111110011010
10011111010001100110010111110000
101110111100011000001000011010
1011100101001010010000111010
1001010101100011100011100
100110100100101110100011001
1011101111101011101010001001
1011111101000100100010001011100
1000101110100011010101101100110
1001010001101000100001011100
10111000100110000100111001011
101110111110101010110101100
1001000101011001001000100
10111111010000001100110111001001
100111110100111011011110111001001
10011110110101101010110111110011
101110011001011110010001110000011
100101011011111000010101101101101
101110011001011000010111101101110
10001011100111101111001101101101
101110011000010100001011001010
100011010101000001100110011001001
1011011000010111000010100
100111011100101110111011011101111
1001010110110010001010001100000110
1011111011010001011011001000011
100010111101110010110101100
100110101011111100100111110110011
1011001000010111001101111
1011111011001011101110101100000100
100111001110011001110011010
10011010100011111001001101011
100111110100011001100101111100011
10111101110110011101111100
101100010011101110000101111101000
100001001010001100100100011
1000000011100111101110110011
10000000001101011010100100000
1011111001111101001100010010
10010010011100000111101010101
100100011101100001100001101110
100100011000010010010111011
101110010111100000101011110010010
100111000101001000001101010101
10010100111010101101110110000010
10010100111110101011110110101011
100111110100011001101101110111100
1000000100101011100001011
101111011000101001001000111011
10010010001111101110000101100
1001100111110001101110010100001
10011001111111110110000010100001
10110001001001111101000010100000
1011010101111011100011110000011
1011000001010110101001111001000
1011111011111000010011110110001
101100101101110001100000000
101110010101101111111110101
1000101111111010110001010
100100101100001101111010
1000010110110010010001011111101101
1001110111001011101110011111110100
10011010101010110000011100001100110
10011100111110111000011100
10110000100110101100010100111
10000110111001001000011101010100
100111000111000001000110000010
101111011111000100101110110011
10011110110111100110001101010110
10001010101100111110111110011
10011110110101101010111101010101
1000001101010000100010100
10011011001010010000111010
101100010111101110011100001
10111100101011011001110001
10110001010111001000000001
10110101101001111110010111
1011100100000110100110010111
100100010011110001000001101110
100000011100110011100000100
1011001101011101111111010100
101100110110110000010101101101110
1011011011000110011111010100001
10111001100100111000111010101111
101111101100100000010100100011
1000100111101101000010111001
101100001100111001001111110
101101011010111001001001001
100111001000100101110001010
10011001100011010100110000111
1001100000000110101000101111
101100000111101010001111100011
10111110000101110011101010100
1011110011111000101110000011
10110000011010100110111110010010
101111011101001000111110011000
100001001111100100111100001011
100001110001010110011110110000
1011110011110011111111000100
1011101100011011000111110101
10011111111001011110001101110
100100011011010110111100110010
1011010100000111000100100000
100000001010001100111110011
1001010011010111000011110110010
101111011000100000010111110010
101100000100110101011111111110111
1011110111011100010101011010
100011010000110100011001110
1011011111101110110011010
101100011111110011111010
10010010100100101011100011
1001111011011111011101111101000
10110001000000101110111111011001
1011110010011011111010001110110011
100111110100001001000011110011000
10011100001110000010100010111001
101111011101001000111110110010
10011011011011010000100100
1000100100111100100100110101011
10011110110100101110111100010001
1011010101111111101100000111101100
10010010000000010011100001010
1011110110001001001001110110011
10011111000110111000011110011000
100000010001110100100100000
1000011011101111101011100010010
10010001100001110001010110111
1001110001000000001100000100
10011100011100111100110101011
100000000011100010011010101111
101100110100101010111110111
1011001011011000000010001001
101111101011111001010010011
10011001110110110101110010111
100111111001111111101111101000
100010111011111001100111101010110
100110101011011111010000111110101
1001111011000101011010011100000
101111110101111001100001101011
101101101100011110110001100001
101110011001100101110011111001000
1011011000111001010010001001
1001111110111100100101101010110
100010000110000100111110101
101110010111101101111111010101111
100000001111110110010110101011
101100111101111101110101001101
10111000101111001010110001010
1011011011111111101110100100011
100110101011011101110101100001010
1011000001010011100011110011000
100111110001100100110111101100
10111110011100101111110010010
10001100101110010010001001
101100110111011001101110010001000
10101001010110110
1010001011100011010101110
10110011011100110101010001100000110
101110011100110100001110110
10110111000101111110000100
1000101000011001110001011
10110101001101101000001101110
101100000101011111000100100001
1011001101111111101110100100011
10010010000011000001000111110010
1000001111010100110111111011000
100110011011100011011100111
100000000111111011111011011111
1011100111001010010001111
100001101110011111000110110000010
100110011111111101100011111011001
1011110010010011111101100010001
10111110110001111101111100010010
10010010001100101011110000010
10001011101111111001110011000
10111101100011111101111100010001
1000010011100000110100100001
10011111100000000111010101111
101100000100110110111111101101100
10110101010001111100011000011000
101110111101110001000111010111
10011100110011111001011110101
100100100000110001001111110110011
10010101110101000000010110
100111100100010110011001001
10001101011110001000000010111
10010100000110000101101101011
10001101011111011001101100001
100001110111100010000011111011
101101101101110101011000011010
1001001000111101010101010100001
101100011100110100000111010
101101011000000111111000001010
100001010111110100111110111
1011010110101010011101111110
1000101010111110001111110110001
10010101101001111100111110011000
1011111101011111110101011100110
1011011011001100001011010100001
1011110010000110011111001101011
101111101100001010011011110110011
1011110010010110001001111111001000
1001001001011111100100100000
100100010011100000110010011
10011001000110110100110011001
10110000100011111111111001111
101101101000111000111010100
1011111010001010011101000110
100110110110000100010101100
100110110110101101111100101
10111000100111000100110011001
100101011011101111011011100010010
100110011111111101100001101010110
101100110110111001100101111001000
10010101101001101010111101101110
10011100111010101100011100001
1011000011011111010001110001
1011010110001000100101001001
1001110011101100111000100100
10001001001111011111010101111
101101010100110101011111111011001
101100010000110110111111101101100
100111101100011111010001110111100
101101010110011111010001111110101
10011111010111111011000010100000
10110110110111111011001011010100
10110000101011110010011011010100
10110000101011110010010011010100
1011100000110010111001010100010
1011000010100100100000001101011
100100100001111101111101010110
101100010001011111010001110111101
1000101110110000011101010100
101100010001111001100101111001000
1001010110100000010110101011
101110110010111101100001100010000
101110110010011101110101110000011
101100010001011111010000111110010
100111110000111111011001101010101
100111110000010101101111111001000
101101010111100101110011100001010
100100001011111111110110101
100111001011000101100001111
10000011011101110110001011
10010101100001001000001001
100000001111110110000100100001
10011010101111000100011111001000
10010000010001011111100001
100100100011111101100011100010000
10001001111001011111100110010
100101011010111101100011111001000
101101010011001100101110111010
101100101111111101110111101101
101110010110101001110010011
100000000111100101100001111
10111001011011111100010101
10110011010110011110110110100
10111000101011111111011001110
10111000100111110101111110101
10111001011111110011110111
10111000100011001000110011001
100010011111110011111011001
10010010000000011011101100001011
1011110010011111111011001110000010
1001100000101101010101010100001
10111011111111100101110011001
100011001110011010111110111
1011101011000010000001111
1001011101111000101011001000
100000111100010010010111001
100110101011110001001111111001000
100110011111111101111100001011
10111011001000010010111110010
10110101010101111011011100001010
10011111001100000010111101100
101110000010110011011111101101101
10110101011011110010010010100010
1011110010000010111001001101011
10110000101011110010010000101100
1011110110010010111001000011000
10111110110000111000011110110011
10110110111111100000110100100001
101100010011111011010011110010010
101101101111111011010011110110001
10110000010100100011011110010011
100111011101011100111111111011000
10010101101111100101111100110110
10111101100001110010110101011010
10001011100111111001110110010
10111111011001100110010101011010
1011000100111110011011111110110011
100000000000010010010111001
1001110111111110001111001000
10001000011000101101000110
101110011001011010101011111011001
10011111111001010111111101100
1011001101111111110110000110000010
1001100101101010001001111000
10110011011000101110010111101100
1011110110001110001001111100110110
100100011011001111011110111
10111000100000111010010100111
1000011100011111111010100111
10110010110110011010010101100
100101010111000101110101100
10110010001110101101110
100100000011011101101111
1011000000111001000110000111
10111001001001000011100011
101101100000110010110110
1011100011001111111001000
101110100011001110001011
100010010001111111111110110000
10000001001001000010111001
100111011101000101110111100010000
101111011000011000100101101010110
100110101010011001111101011101
101100000101101000100001000010
1001001011111011111110101100
10010010000011101100111111110111
101111110110001110000111110010010
100111110000110001101110110011
10110001000100000011110000011
10111011001000010010111110010
10111110110010111000011100000100
10110011011000010011100001011
100010111011010010011100010001
1011110110001011100010111110000
10001011101100101011100110110
101100110110010010011101010100
100000111101110011111000001010
10001010111001101011111011001
10011111010001110011110111110000
101100011011001101011100110010
10111110011011010101110111010
100111000111010110011110110001
10010001100011010011001101111
10001001001110001010100100001
10111001111011011001110111010
101111101001110111110000001
10010100111001001111110010011
101110111001010110101110011000
101110011001111101100101111011001
10011101110101111001000000011000
10000000101100000101101010110
10001111010101100110011110
1011011011111110011011110110101011
1001110000001100101111011001
10111101110111000111100110011
1000010101100000000101111
10111011111110000111110011010
10010101100011001110110011110
101111111100110100110000111
10011101100011001001111
10110110001111111111110001
10011110101110101101111
100111011110100101101001011
100011010101111111011011111101101
100110000000110100011000111
1000001100100010010101101001
1000001100111011000000011101111
10111111010011001111101101001
10001000011100011111011111
101110001000001110000000000
10111011101111101100011111011001
101101101111101111100111100110110
10010101101011000010100111110101
101100110111111000100011100010000
10000110111001100111110111110011
100001101110111110110010110000010
1011000100111000011110010111001
100010111011000011111100010010
10111001100101110011110100100001
1000101110011111101111101010100
10010101101011111001110011000
10010010000111111001100010001
101111011111100010011000100111
101110111011110010111110110000
10111001100100000000011110010011
1011110010011110101001100000100
10110011110011011001010110111
1000000000011011001111100011
10110011110010101001111101000
1001100111001011110101001101
101101101011100011111010100
101110001010110100001110001
100010100111001110110011001
1001010100100001101110001
100011110100001111010100
1000110111010001011111000100
101100000110010010011000001010
10001001101001000111101010100
100100100111000100101110000010
100111111001111100001110011000
100000111100101110111100010010
10000000011111011101111101000
10011110100011001110101101
1001001000100000011001111111110100
1010010001010011010101110
1010010100110011000100110
101001010011000001011010
1001010011000110101010101001000101
10111111011010001011011000001100110
1000101110000110101010101101010101
10000101101100100010000110011110
10011111010011111101101000110110
10000110110111001110110011111
101110000000110011001011100
101110011100101110101111010
100101000111100011111110011
100101110000110010011001
100110110110000100010101100
10111100110010000111010
10111011111110101101110001011
101110011001101100000100100100001
10010100110101100111110100100001
101100110111111010101001101010100
101100000101011000100011110110011
101111101100111011011101100001010
1011100110011111100100100110000010
10000011111111101000000001
100100100111000101111000100111
1000000101000111011100110010
101100010011101100111011110010010
1011010101111000000000111110000
100111110100011000001111110010011
101110011001101100100001111100011
10010010000111111000110011111
1000101110011100110010110101011
10010101101000100110110011111
10111100110011010100011111111
101100011101111101001010001001
10010100100000110010000111010
100111011011011011110011001000
100100101100010110110111000100
100100101001111101001000111010
10011101100010111010110110100
101111001111011011110111001111
101100011101100000110110110100
100111011110000110010110110101
1001010110011001011111110110000
101101010001001000010110011111
100111111001101010111100010001
1011001100101010110101100010010
10001010111000100011110011000
101110001010111111011110111
1011100011110110101111100101
1001101010101010100011111001001
1001100111100010010101001010
101111011010101001001110010
1000001101111111110001010
1000100101001000011110001
1001101001010111101110010
1011100011111011111111011111
10110010110010001110111110100
100110110110000110111001101
100101010110110101110011010
1000110100010001110111000100
1011100011111001010110000111
1011110001110000110110000110
10111010010001110110011010
100010100110000100010001110
1000110100110101101110000100
100010100110110101110000100
1011000110010010000011111011001
1011010100010010000011110010011
100111011101011010101010111101100
100111011101011000100011111001000
10000000111000100101110110010
101110011001011000001001110000010
101100011001100111011011011111
10111001100110000000111000001010
1001111100011010001100101011010
10110011011111110010110100100000
101100110111111100101111110010010
10111110110001111101010100100011
10111100100101100110010110000010
10111100100111111101110110101011
10111110110011111101110100100000
1011110010010110101000100100001
10001101111111101101011001110
1000110111000110110011001000
10010010100110011110111000100
100100001001110111001110101100
1011100100111011011110111001101
101110010010000110010110011010
1001101000111110110100011100
101110001101000011110011110
1011110011011001001110000011
100110100100001110010001110
100110011101100011001010110111
10001010101111100001101010100
100111111011000001001101010100
101101101001101010111111110010011
100111111011000100100111110011
101110010101101010001111110
1001100110111011000111000101
100001101101101100011000000
10001101110010100011100111
1011101011000101100011100
1011100011110000110110101101
100101111110011010110011010
1001111010111001000111001010
101101110110011010110001011
100110110110000100111110100
100011001110000110110000100
100101010110001011111000100
100101111110101101110110101
100100101101011111101111
10111001001111111110010000
1001111010111001010111011000
100010111111111010000011100
100101010110001011111000100
101101111110101100110001011
101110111011000100100111110000
100010010001010110100010111011
101111110110011000100101100010000
101100010011101111100111111001000
101100010011111100110001101010110
101110011001101001000011101010100
100111000111001011111110110000
101111011101000100111011011111
10001001101100111011011011111
10000000111011010011100110010
101111011101000100111011011111
1011000110000000010001101110
1011000110000111000101001101
101110011001111011010011000001010
101100000101011001011111111011000
10110101011111111101110010111001
101111111111110001000111010
100110110001010000000000
1011100010011010110001001001
1011000010011010110101110001
101110100101111011001110
100101110101111010110001011
100101110011000111111001000
100110011000110111111001010
1000011011011100000011100011
101100010011000001100111011001001
10011011000011101000000000
101111011101101010110110011111
1001110000100101110110100100001
101100011001100111110111110011
101110111011101100101110011000
101100001100010010001110001
100101110000110100110000111
1001110111000010001000011001001
1000110101011010001011111101101
100100010111111001101111010
100111011110101001011110001
1011111011010100101011000111
100001011011100001110111101101
101100111111110001111110001
101100111111110001111110001
100101110011011110011001
1011110011011011000110100
1001010010111011000110010110
10010000000011110010100
1001111010111011000110010110
100110110010101100111000100
10001111110001011110000100
100010100111110100111100101
1011011110001110000011100
10000000101111100110110011111
10011110110111100110001100010001
101111011000011010101011110110011
100111110100011000100011110110011
10010101101001111101011110111101
101110011001101001000010110000010
1011110001001111111001000
10110110101110011010111001111
1011000010001000111001000110
10110000100110001011111001011
1011001011101000110000001
101110011001100000111111011000
10011111010001111011111111011000
101101101111111001100101111100011
10110011011110000111111111011000
100111110001111111011111110010010
100101011011000001100110110011111
100001011010011010101011111101101
100101011011000110101011011110111
101100000101101001000100010001000
1011111101101011010101010110011110
101101010111001110111001010100011
100001101111011010101001111110100
100100010101000101101100010111010
100001011010000011001100010111010
10101100110111000110101010
10011100111110011110111110101
1001110001111100100100100100001
101110010110111110001101010110111
101111101011111001001111110010011
10111110001001000110110101011
1011010110111111011100100100
101110011101110001101110010
10100100100010000010110110
1011000100110011000001100110011110
10100011010101000010110110
10000101101000001100101111110100
100001101100011011111011000
10010010100011010000101111
1011100011110000110110101101
10000011101111111111000000
10010000101110101101110
1011111111110101101110101101
1011001000111011000111011000
1001110110111011111111011000
10001111110001011110000100
100011001110011010110001011
10001111110001011110000100
1001010010110000111111001000
1001110110110101101110101101
1000000111001101100111110000
101101101111111100110001101010101
101100110111111000100001100010000
101111011000111100000101100001011
10001011100111010101101110000011
10010100110101010110100110101011
100101111110110101110000100
10001010011000101100011100
100101010110101100111000100
100101010110101101010101100
10111011111110011010111100101
10111011000110110101111110100
10110101100110101101011001000
10110001010111110100010100111
10011111101110010110111101101
10010100110111001100111000001010
100110101010100011011000001101
101100000101100001100110011001001
100100100010011011011110111001110
1011000001011001101010111111101101
100111110001000001100110010001111
10011101110000000110010011000000
100101001100011010101000011010100
101100000101101100000110010001000
1011000100110011101110010010111010
10100110101010101101010100
100101111110000100010001110
10001010100101110110100100001
10111110001001000010100100001
10001001101111100000111110000
101111011111000001000111110000
1011100100000000000011100001
1000010110110111001110111001001
10100100100010000010110110
1011111101101011101110010011010100
1011000100110011000001100110011110
10110110111100000110101001011
1011100100101110010111010
10111010010101100111000100
1011110011110010110111001010
100101110000101000101010
1001110110011100111111001000
100101110000110010011001
100100101001010100101010
100011011111011100011001
100110010011100011111011000
10010111010011010000101111
1011110001110000111011100111
1011110001111001010111000101
10111011111000111010011001110
101110011001101111100110111110011
101110011001011101100111110110011
101101010111111000100001110000010
101111001001011100000110111110010
101111001001011100000110111110010
1011110111001011100111110010010
101101110010001110111000100
10011100111011111111110110100
10111010111001101010101100
100010010100100000001010
100010010100100000001010
1011111111110010110110101101
1000101111110000110010101100
1000101111111001010110001011
1000110100011100111110011010
10110000111110011010111000100
100011010101101000101101011100
100101011011001000100001000011
10011000001110010111010111001110
100111011100001100000110111000000
10011101110110110011110011001001
100111110001011011011110000110110
100001101111011111010010110011110
1001101010101111000000011101111
1011111011010101110001001010
10111010111001101110000100
101100110011100110111111100110010
101110011001101100111111100010010
101110111001111100001100000100
10000000101111100000110000010
101100110111111000100001100010000
10111101101110000001101111
1010000110111111001101110
10011000001110110011110011000000
100111101111100011101110110
100110010011101100001010010
1000100101110000001101111
1000100101110000001101111
10010000111100000001110010
100010000110101101110110101
1011100011110000110110101101
100100010110111101011100011
1000001100111011001001011001001
1001000101000001011011100010110111
100001101100100101101011100
10010010100011001001111
1011111111011100111111001000
100110110010101100111000100
1011001011000011100000111010
101100010100111000111110111
101101101111101100000100110011111
101111101100111010101101110000011
10010010000111011011101101101100
10010010001111011011101111011001
10110000010011101111001101101101
1000000100101110110100100000
100101010000111010010001001
10111001010110110100111001011
10111011000011001110111001111
100101010111100101010001001
10111011111110001010110110100
1011100010111011010000000000
10110101101011001110110011110
10110110101011001000011111111
10011100111011001000011001000
1011000011100011101000000001
100110101010111001111101001011
100100100010001000101101100110
10011101110001111110100011101111
10110101011100000110010010100011
10110001001100000110010000110110
1011111101101110110111100110011110
101100111111111000111111111
10111001000111001111111001111
10111001000110000011110001010
10111000101110001010011111111
10110000111011111111011001110
1001010110000100100110011001
10011001000010010010010011
10110010110111001111110110100
1001101010100111001110111001110
10100110101010101001000101
101101010111011011011110010001000
101100110111001100000110000110110
1001000101000000110011100001100110
1011000001011110110111101111110100
10000101101000001100101111110100
1001101010100111001110111101101
1001100111100101110001000000
1011010101110010001000010100011
1001010110110010100011011000000
100001101100100000011000111
10110110111100110011001101001
1001101010101111000000011001001
101101101111011110110100100101
1000001100110111001110110011111
1000100101001000011110001
1001111010111011000110010110
10111001010111100101011001000
10111001010011001000000111010
10111000101110011110111001011
10000000011100011001110001
1001100111000100110010011
101111101000010010000100100
1001100111001001001000001
10110101101110010111010100111
1001110110110101101110101101
1011011100000000100000001
100010100010001001010001001
1001110010111110100111000100
100111001011110010100011100
1000110100110001010110001010
10011100111011111111110110100
10110000110011001110111001111
100101011000000000000000000
1000011100010100111010100111
