34
50
100111101001101000011101111
100101110101101001011110111
100101110101101001011110111
1001000000001001011111101101
100001101100000110011001110111000
100101000110110000011001110111011
100110000001101101111001001000100
10011101111111111010000110101011
100000110111100000001110111001
100100001001111011101111101001
100100101001000101101100000110
100100101101100000000010110111
100011011101111011100001100110
100100101101010001101101010100
100100101001100000000110101011
100101110000011011001001000101
10111101101011001111000001100111
100110010010111011100101100000111
101110000000111110100101101010101
101110000000111110100100110101010
10011000000000011001001001000101
10011000001100011010101001110111000
10011111010010001011011001001000100
10000011001110111011101101111100010
10001101010110110101010001101010101
1001111100010110011011100001011010
10011111000100111110001011000100110
10101010
10110011011101100110111001111100010
10011111010010111110100100001100110
10011101110110111011101101010110110
10001101010100011010101001001000100
10110000010111100000101111000001011
10101010
10010100110001010011000100010100
100100010100010001010010
10110011011101101010111011111101101
101100010011000010110100010111000
1001110111011110011011100001101111
1001010110110011111000100101001100
10011010101010101011011011111101101
10011010101010101011011011111101101
10011010101010101011011011111101101
10011010101010101011011011111101101
10110011011101101010111011111101101
100001011010111111011010100010100
100010111000010100110010
1010010001010010
1010010100110010
1010010100110010
1001011101011001101111101101
10010000001111011011111110100
10010000001111011011111110100
1001000000001001011111101101
100010010101100000001111101001
1011111011011101101111001101010101
1000001100110010010001000001101111
10011101110010110101010111111101101
10011110111111111010001101010100
1011110110101010001101100000110
100010010101100000001111101001
10011010001100111110011010100
1011100100101100000000001100110
100101110011100000000001100110
1000100101011001111001001000100
10111101101001011101001001000100
1000001110001101010001101010101
1001100110111110110101100000110
1011110110100011011001110111001
10011001001000011001000110101011
1011111011010111110100100001100111
10011010101000111011101101111100010
10011010101010101011011011111101101
1001010110110011111000100001101111
10010101101100111011100011000001011
100001011010110000010110100010101
10110001001101100010011011111101101
1011111101101111111011010100010101
10010001010101000101010010111000
10011101110000111011100011010101110
10011010101010110101010101110111011
10011101110000111011100011010101110
100100010100010001010010
10000110111100011011110001101111
10011000001110110000011101110111000
1001000101001010
100001101111010001010110
10010010001000111011100011000100110
1011010101110000101101010
10011010101010101011011011111101101
1000110101010011000001110001011010
10011010101010101011011011111101101
10010010001000111011100011111101101
10010010001000111011100011111101101
10110011011101101010111011111101101
101100010011000010110100010111000
1001000101011111110110110
100101001100000110111110
1011111101101110001001100101001100
1011111101101110001001100101001100
1011111111000011010011010100
10011110101110010010010111010
10011101101111011010010111010
100110100101000101111011011110
10000011010111011110011010100
10000110110000011001000001100111
10000011001110111011101111111101101
10010010001000100100010011000001011
10000011001110000110011111001101110
10010010001010100100010101110111000
100011010100001101010000110101011
10010001000001101010001101010100
100000111001100000001100000110
1011100111001000100001101010100
100000110111100000001110111001
1011100100101100000000001100110
1000100101111110110100001100110
1000001110111111010000010110111
10011001001001011101000110101011
10110011111111111010000001100110
10011110111001011101000010110111
10010001111001101010000001100110
10011111010010001011011001001000100
101101010111000010110100010111000
101111110110100011011110100010100
10011101110001100110111011000100110
1011111101101110001001100101001100
100001011010110000010110100010101
1010010001010010
10000110111100010110100010111000
1011001101110110101011100001011010
10000110111101000101010010111000
10110001001101100010011011111101101
10000110111100011011110101001100
1001000101001010
101100010011000010110100101001100
1011000001011110001001100101001100
1001111100010111111011010100010100
1001110111011110011011100001101111
1001001000100011111000100100010101
1000110101010011101110000001011010
10011010101011100110111011111101101
1001110111011110011011100001101111
1001100000111110101011100100010101
1001010110110011111000100001101111
1001110111000110000010110100010101
1011000001011110001001100101001100
1011000001011110001001100101001100
1001010110110011111000100001101111
1001110111011110000010110001101111
10010100100000111001110111001
101111001111001111101111101001
1011001000000011100000110010
10110110001100111110000110010
10010010111110011100110011110
1011111011011101101111001101010101
10000101101110011010101101111100010
10000110110001011101000010110110
10111001110111001110010001111
10010001011010001011000110110
100100010110110000000011010100
101110011100111101110110011110
1001100100101000111101110111001
1011001111101010001101111101001
1011001111100011011000010110110
100100001101000111100001100110
100100001101000100000001100110
1011110110100011011001111101001
101110000000110000011000001100111
100001101100111011100100110101010
1000101110100111011100101101010101
1000001100100001011011001101010101
10000011001100011010101101001000100
10011000001100001011011100001100111
100001101111010001010110
100001101111010001010110
100101001100000110111110
1010010001010010
10000110111100010110100010111000
10011101110000110000011111000001011
10010010001000111011101111010101110
10011101110001100110111011000100110
10010100110001010011000100010100
10000101101000010110100001101111
100101001100001011100010
1001000101001010
10011000001111101010111011111101101
10000011001110111011101101111100010
10011101110001111110110110
1000001100111010101101100001011010
10011010101011100110111011111101101
1001001000100110101011100001101111
1001100000111110101011100100010101
1001010110110011111000100101001100
1001010110110011111000100001101111
1001110111000110000010110100010101
1011010101110011111000100001101111
10011000001111101010111011111101101
1001110111011110000010110001101111
1000110101010110001001100001101111
1000110111000011100000110010
100110011001100100101100000110
100100001001111011100001100110
100110011001100100101100000110
100110100101000101111011011110
100100101101110111111011011110
1011100100101100000000001100110
1011100100101100000000001100110
100010010101010001100010110111
1011110110101000111100010110110
10110011111111110110100110101011
100100001101010001100010110110
10110011111111110110100110101011
100000111001000111101101010100
1011001111101000100001001000101
1000001110111111010001101010100
10010001011011001111001101010100
101110000000110000011000001100111
100100011110110000011000110101010
100001101100111011100100110101010
1011111101000110000011000001100111
1001100111100111011100101001000101
10110110111100000110011001001000101
10011101110010110101010001101010101
10011010101010111011101111001101110
1001111100010110000010110001101111
100110011001000010111101101
10111110100111000100110011010
10011101110010001011011101001000101
101100010011000010110100101001100
1011010101110011111000100001101111
10011101110001100110111011000100110
100101001100001011100010
10110000010111100010011011111101101
10000011001110110101010101010110110
10011101110110110000011101111100010
1001010110110011111000100001101111
1001110111011110011011100001011010
1000110101010011101110000001011010
1001001000100011111000100100010101
1001001000100110101011100001101111
1001001000100011111000100100010101
1001110111011110000010110101001100
1001001000100011111000100100010101
10011000001111101010111011111101101
1001010110110011111000100001101111
1001010110110011111000100001101111
10011000001111101010111011111101101
1001001000100011111000100100010101
1000110101010011111000100100010101
10011000000001011101001001000101
10111000000011001111000110101011
101110010011110000000000110010
10011001100100010110011010100
1011001111100011011000010110110
1011001111100011011000010110110
1001000011111110110101101010100
1011100100101100000000001100110
1011100100101100000000001100110
1001000011111110110101101010100
1011100100101100000000001100110
10110011111111111010000001100111
100010010101010001100010110111
10110011111111111010000001100111
100000111000011011000110101011
10011101111001101010000001100111
100111101111101101111001001000101
100100011110110000011001001000101
1011111011010111110100100001100111
10110110111100110101010001001000100
1000001100100001011011001101010101
10011010101000111011101111001101110
1001111100010111111011010100010100
100001101111010001010010
100101000110100011111111110100
100010010000001111110010111
1011100110011111111011000000001
10111011100100100111000110
10011111000111100110111111110110000
101100101101110110000101010
10010010001010011010101001010110110
1011111101101000110111110
10011101110001100110111011000100110
10001101010100100100010001100000111
1011000001011110001001100100010101
10010101101100111011100011000001011
10011010101000011010101001010110110
1001010110110011111000100001101111
10011010101011100110111011111101101
10011101110001111110110110
1001001000100011111000100100010101
1001001000100011111000100100010101
1001001000100011111000100100010101
1001001000100011111000100100010101
10011000001111101010111011111101101
10011000001111101010111011111101101
1001010110110011111000100001101111
10011000001111101010111011111101101
1001001000100011111000100100010101
1000110101010011111000100010111000
1011100000000011011001111101001
10000101101100110101010111000001011
10000011001100011010101101110111000
1001010001101000100001100000110
100110010010101000110010111010
10011000001100001011011101101010101
1000110101010011000001110001011010
1000110101010011000001110001011010
10010100011011001111000010110111
1001100100101000111111011011110
10010001011111111010000010110111
10011101111111110110100001100110
100110000001101101111000110101010
1000001110111111010001101010100
10011001001000011001001110111011
100111101110110000011001001000100
100100010000000110011001110111011
1001100111100111011100101001000101
10011101110010000110011101010110110
10000101101100000110011101110111000
10010010001000111011100011111101101
100001101111010001010010
100110000000001101100011010100
1011111011101000110110110100
1011000100111110110111110111101101
10000111010011001000111000100
10110101101110000110111001010
1011000011111100101000110100
10110001011110110101110000111
1011101110001010111010100
10010101101111110011001011011011111
100111001111110110000010100
101100010011000010110100101001100
1001000101001010
1011000001011110001001100100010101
10011101110001100110111011000100110
1011111101101001011100010
101101010111000010110100010111000
1001100000111110001001100100010101
10010010001000111110001011111101101
10010010001000111110001011111101101
1001110111011110000010110001101111
1001110111011110000010110001101111
10010010001000111110001011111101101
10011000001111101010111011111101101
1001010110110011111000100001101111
1001010110110011111000100001101111
10011000001111101010111011111101101
1001010110110011111000100101001100
1001001000100011111000100100010101
10111001110011110111010001000
100111101110100011110011010100
10010001111111111010001111101001
10011101110110110000011111000001011
10011000001110101011011001111100010
1001111100010110011011100001011010
10011101110000110000011111000001011
1001111100010110011011100001011010
10110000010111101010111011111101101
10001101010100100100010001110111000
10011111010010000110011001001000101
10011000001100001011011101101010101
1000101110100111011100101101010101
100001101100111011100101001000100
100101000110111011100101101010101
100100010000110101010001010110110
1001100000111110001001100010111000
1011000001011000110111110
100001011010010100110010
1011111101101001011100010
1000001100100111011100100110101011
1001000110111001111010001001
10110000010101100010011111111101100
1011111011101000110110110100
10110000110111000101110010110
10111000101111001000111011000
10111001101110101100111001000
1000011100111110100110001011
10110000100110101100011100111
10110101100111000101111011000
10111000100110001011110000110
1000010011111011101111110
10011111000111100110111111110110000
100101111011100100010000
1001000101001010
1001000101001010
100001101111010001010010
1011000100110010001010110
1001110111000110000010110100010101
1001001000100110101011100001011010
1001110111011110000010110001101111
1001100000111110001001100100010101
1001100000111110001001100100010101
1001010110110011111000100001101111
1001010110110011111000100001101111
1001110111000110000010110100010101
1001010110110011111000100001101111
10011000001111101010111011111101101
10011000001111101010111011111101101
10010010001000111110001011111101101
10011101110010100100010111001101110
101100111110110000001111110100
10000011001100011010101001110111000
10000011001110111011101101111100010
10000011001100001011011000001100111
10000011001110100100010101110111011
10010010001010100100010100110101010
100100010101000101101011111101101
100101001100111111011010001101111
10111111011011100000101111000100110
10110101011100101011011001110111000
1011000001011110000010110001011010
10000101101000010110100001101111
1011000001011110001001100100010101
10010101101100111011100011000001011
101100000101101000101010100010100
101111110110100011011110100010100
1001000101001010
10010010001010011010101001010110110
10010001110110000100110110101
10011101110100111110100011100110011
100010010000001111110010111
10111000101111001000111011000
10110101101110000110111001010
10110101100111001000110010110
1011111011101000110110110100
1001111110111110111110010111
10111001101111000101111001010
1011011011111111001100110000001
10110011010111001101111001000
10110000110111000101111011000
10110000110111000101111011000
10111110100111000100110011010
1011100110011111111011000101001101
10011101110100111110100011000100111
1011110001001000001010010
100101001100001011100010
1001110111000110001001100001101111
101100000101101000101010100010100
101100110111000010110100100010101
100111110001000011011110010111000
1011010101110111111011010101001100
100111110001000011011110010111000
1011001101110110101011100001011010
1001111100010110000010110001101111
1011001101110110101011100001011010
10110101011100111110001011111101101
10010101101101100000101111111101101
1001001000100011111000100001011010
1000001100111110000010110001011010
100100010000110000011001101010100
10000011001100011010101001110111000
10010001111111111010011011011110
10110110111100000110011001001000101
10000011001110110101010101010110110
10011111010010000110011000110101011
10010010001000100100010001100000111
10010010001010100100010100110101010
10010101101100111011101101100000111
100001101111110001001100001011010
10110000010111100110111011010101110
10011111000100111011100011001101110
10010101101100111011101101100000111
100101001100111111011010001101111
1010010001010010
10010001010101000101010100010101
1011111101101111111011010100010101
10111001101111001101110101101
10011101110101110011001011011011111
1001110001111110000001111
10110101100110110101011100111
101110010101100101100110110
10111000101111001000111011000
1011000011111100101000110100
10110101101110000111111011111
10010101100111001101110000110
10110101101110000111111011111
10110001011110101101011100111
10110000110111000101111011000
10111001101110101100011100111
1011100100001110011100101111
10111001000011100111111011111
10111000101111001000111001010
10111011000001011110110110
1001000100100011101000000001
10010101101111100000101011100110010
10000000100000111110111
10111001110011101111011001001
100001101111010001010110
1001000101001010
100101001100001011100010
100001011010111111011010100010101
101111110110100011011110100010100
1001000101001010
100101001100000110111110
100010111000001011100010
10010101101100111011101101111100010
100001011010111111011010100010101
101100110111000010110100100010101
10010101101101111110110111111101101
10010010001000100100010001100000111
10010010001010100100010100110101010
10000011001110110101010101010110110
10010010001010011010101001100000111
10010010001000111011101111010101110
10011101110110110000011101111100010
10000101101110110101010000110101010
10010010001010011010101001100000111
10011101110110110000011101111100010
1011001101110110101011100001011010
10000101101000010110100001101111
10011010101010110101010101110111011
10010101101100111011101101100000111
1010010001010010
10001011100001010011000001101111
10011110101111000111100011
10110011011110101011011101111100011
10110001001110111011101001111101000
10000001000100101001001
1011110111111101110010101
1001001001010010010010011
1001001001010010010010011
10000110111001010011010000001
1001111011010001001000001
1001111011010001001000001
100010101011100011111100
100101001101011110110111101110
10000000100000111110111
1000100111100011011010100
101111011100101011111100
1001111011010001101110000001
100000001011110110111110111
1000010010001001000001
10111101111111011111110111
10001010100101010010101
10011111100111111001111110
10110110111111101101111111011011111
10010101101001010110100101011010
1011001011011001011000101111
10010010001010100100010101001000101
100010111000001011100010
10101010
10101010
10010001010001000101000100010100
1010001011100010
10001011100000011011110100010101
1010010001010010
1010010001010010
10010001010101000101010010111000
10010100110001010011000101001100
1001000101111110110100100101
10000011100100001001100110
1011100000011001111100001110
1001111011100001110110011111
101110010010101110001001011
10010010101101100011000111
10111100110111011001011101
10110110000101110111000111
1001010010001000001110110
10110110000101110111000111
10010111010111101011001000
10001001010100001000100101
10011010000100000001001010
10000000101010011010111101101
10000011000001101011000111011
10111101100111011011011110111100
10111000001101111101011111011001
100111101101111111011000001101110
1000000001010001001000111010
10111001111110011110111001011
10110001010110110100110001010
10110110100110110100011111111
1011111010111111010101000110
10011001110010001001011001000
100110010000000000100011100
10110011001111110111010100111
10110011110111001011111001111
10110011001111110111010100111
10110010111111110101111001011
10010100111110010111110011110
10110000100010101100110101100
10010100111010100111111110101
10111001011111001011111001011
10000011110000111100001111
10000000000000000000000000
10111110111111110111111110111
10111001101111001101111001101
10110101010111010101011101010101
10110000101111000010111100001011
10110101011011000010100111110010
10010010000101101010110100100011
10111011111111001010111011000
10000011010110100001011100
10110111001101100101010
10011110101100000011111111
100010000000101001110010
10011100101101110111010
10111000110111001011000000
10010111011111000111100011
1001110110111111110010000
101100110001100101011111100
100101000100110000101010111
100101000000111100001111001
100101000100111100011111110
100101000000111100111001010
10010100000111111100001100
100000110000110000111001110
100001110110101011111111110
100000110000001101001111000
100111001100111100111111110
100110010110101011101111001
101110111100011100110011001011
10111001100111110011001001110111010
1000100110100100111110111
1011111011100100100111110111
10001001000111111000100100
1011010100001010111000110
10111001111111110101110010111
1001010011011111011000001111101000
10111111101101011111100001
1011001010000111111111100
10110110011101100111011001
10011110010111100101111001
10000111011000111011000111011
101101010000001111110011001
10110011101101100111111110
10011110010111100101101011
10011110000111100000110110
100001011100010111011111110
100010001001000111110101
10110110101110011010110101101
10111111001100100111111100
10011000010110000101100001
10010101110101011111011001
10001101100110000101010111
10010100000011001011011001010
10110000100010101100111110100
10011100001111110111110011001
1000000000111110101010100111
10111001011010100111011100001
100100011011111011100001111
101100101110010010011010100
10111011001011010101101101010110
100110101000110000101100001
100110010100011011000110110
100110010110001101000011010
10000011000011001010011001010
100101000000110000100110110
100110010110111100001100001
100111001100101011101101011
10111011001111101111011111110111
100001011000011011001111000
101101101100011100110011111110
1011101111000001101001101011
1011101111010001101001111001
101110000010010100001011100000
10110110111001111111001100001
101111001000011100110011111011
1011101111010001101001111001
101101010110011001011011010100
10110110110101111111000010111
100111110101011001010011010100
10111101100001111001001111111011001
10110011011111111001001111111011000
101111101100101001000010100100000
10010010000001111100001100000100
10011001111111000100001100010000
10001001100011011100001101110
10000011110111111001110001
101101101101001101011010100010
10010100010011001011010100000
10000101100010100001010100010
10011001010011001010011001010
10110000101111000010111100001011
10110011110111001111110110100
10011110000011011001100001
10010100000010100000010100010
10011001011011001011010100001
10011100110011100110010100000
10011110000111100000110110
10110010110011100111111011000
10000110100110000100110110
10011100110011001010110011000
1011111101111111110111000101100
10011010100110011000011111011
10011010101111000001001100110110
10111001000110000110110110101
10110110111011110110011110111100
10110001000111100000101100001011
10110101010011000100001110000010
10001011101101100000100110000010
10001011100101111100000111110000
10111000001011011011001101101100
101111110101110011000011010100
101110111100011100110011001011
101111110101110011000011010100
101101101110010100000010100001
101110111101011010100011001010
10111000001011111101011110111101
10111100100011111101111111110101
1001111011010101011011101111100011
101111001001111000100100110011111
101101010111101111100001100000100
101111011000000101110110010111001
100111011101001001000010100100000
10110110111111111001001111111011001
1000011011101111011000111111011000
1000011011101111011000111111011000
1000100111111011000001111101000
100000011110011001011001101111
1000010010111110001111000001010
10110001101101101111111000100111
10110001000111011011001100001010
101110111101110011000011111110
10001011101111101100101101010101
101101010111101111100001100110110
1011010101101111110111000101100
1001110111010111101100010010111001
1001111111100000000111110101
10011001111111010101011110011000
10111000001101111100101101101100
10111000001011000010111111001000
10111101100111110110011110111100
10110011011011001101100110011111
10110001010110001010110001010
10010100000010100000010100000
10110110110111011011011101101101
10110110110111011011011101101101
10110110110111111101111111110101
101111110101000111011000011000
1000101111011100111111001010
10111011110011111101011110111101
10110101010011101100101110011000
10110011011001100000101100010001
10110101010111101100110111101100
10111001100111100010011111100110010
10110110101010001110111110100
10010100010011010100011111011
1001111100011111100100100100100001
10110110111111100000101011010101111
101110000011000011000001101011
100011010110001011101000001
1000011011100111110001111010101111
10111011101100110111111000001010
1000101011100010011111110110000
10111101110111110100001110111010
1000010011111011000111110110001
100000011110011001011001101111
101111101100011001101100111110000
10011010101111010101001101010100
101110111101011010100010100001
10111000001111101111011110111100
1011100000110001110111111110101
10110000101011111101111110111101
10011110110001111101010111110010
10110101011011011011010111110101
10110001000011101111001101101110
10110101010111110110010111110010
10110000101111101111010111110101
100111110101011001011010100010
1011010101100000110001111110111
101100001010010100010001101011
10110001000011101111000111110101
101111110111011111011011111110
1000000001111110101110010111
10111001101011001000010001001
10110001000111000010111101010110
10110001001110111110001111110110001
10111110100010001001011001110
1001111100011111110110010010111001
10110101010011101100101110011000
1011110010010111100100100100100000
10011001111101100111110111110011
10111101100011111011000111110110001
10000111010000111010000111010
10110101011011010101101101010110
10111011001011101100101110110010
10111011001011101100101110110010
10110000101111000010111100001011
10111011001111000010111110000010
1000101111110010110111011111
10110011011011000100100110011111
10001001001101010001111110
100001001010100110111111101100
10010101101001101010110111110000
101101010011111000010011
10111100101011001000110000011
10000111011011001011011010100
100100011011111011100100100
10110110101010001110111110100
10111000001011000010100111110101
1011000010101110111101000111011
101100001010000111011010100010
10111001100011011011000111110101
10111001100011101111001101101101
101110111100011010100110011000
101110000011001101011010100010
100111110101011001010011010100
100101000010100000101100001
101100110000110000101111001
101111110111011001010000111011
10110110110011111101111110111100
100111000000111100000011010
101111001001011001101100100100011
1001000100101000110111001011
10111011001011010101100111101100
101110111100010100010000111011
101111001001111000001001100000100
10111111011001100000101011000001010
10000011000010100000011001011
1011101110111111011000001101110
10110011011111111011000111010101111
101111110111010100001010100010
10010100010011001011010100000
10011111000111111011000101111100011
10111001100111111011000011000100111
10110000101011011011011110111101
1000011011100111110100001110111010
10010101100011001000000111010
1000011011100111110100001110111010
10010010000101101010110100100011
10110001001011000100101100010010
10011111001101111100110111110011
1011011011111111001100110001101110
1000011100111110100010101100
10110001001001100000100111110000
10111000001111110010001100001011
10010010001101010110100100100000
10110001000111000100100111110011
10010010000101001000010100100001
10111001010111001010111001010
10001011101100101110110010111011
10110001001111100010011111000100111
10011111010000111110100001111101000
10001011101100101110110010111011
100100011001000110111110101
10110001010110001010111001111
1011111101011111110111000101100
100111000111000110000001
10011001110110001010111001011
10111000001011010101101111011001
10000011000010100001011100000
10110001000001111100100111110101
101111100010010010111101101
10110001001111111101100011110010010
1000011101101111111000011010
101100110111101001000000100100011
10010010000111010101001110011000
100110010110001011101101011
100111000000011011001111001
101111110101011001011000101100
100111110101001101011000011000
100111110110111100101101011
10110011011111111001001111110010011
10110010111001010111000110
10110101010111000010101111011001
1000010110001111101100011010
10110001000111000010110111110010
10010101101001100111111100010001
100110010100001011100110110
101100110010111000111110111
10110001001001111100111110110010
100111110110001101000110110
10111111101111111011111110
10111001100101110011001011100110010
10111001011111001011111001011
10110000101011011011011110111101
10111111011000111011101011100110010
1011000101100011100111100101
10011100010100100111101110
10111111011001100010011111011011111
10011111000110111110001101111100011
10011111010000111110100001111101000
1001001001001001111000110
1011110010100011100111000100
10111100100111111101100011010101111
10111110110001101010111101111100011
10111001100101110011001011100110010
10111101100011111011000111110110001
10011111010000111110100001111101000
10001101000011010000110100
10111101100001111011000011110110000
10110001001111100010011111100110011
10110001001111100010011111000100111
10110110111111101101111111011011111
10000000000000000000000000
10011001110011001110110001010
10111101100111110110011110111100
10010010000101001000001100000100
100000110001111110101010100010
10000111011001101011011100110
10001101100110000111111110
101111110111010100010011001010
10111111011001111011000011000001010
10110001001110111110001111111011001
1001010000101111111001000001
10001011100101101010110110000010
10110000010011010101001110110011
1000010110001111101101000001
100110010110110000101111001
1000010110001111101100011010
1001111011001110111101000111011
100001110110001101000110110
10010010001111100110000111101100
10001011101111010101001100010000
101101010110000011000011001010
101100001010010100010110011000
1011000100011100001010000111011
10110000010011000100001100001010
10111111011101100101001100001
10011111001101111011000111110101
1000011101101110011000010111
101101100100011000001000
10010000010101011111001010
1001111000110101110001100
1011110110011111110111001101011
10000101100011001010011111110
100000011111110110011000100111
10010101100000111010110000011
101111101011100110011111100
10111001011010100111011100001
10111110110001111101100111110010010
1000100111111011111101110
10000000000000000000000000
10010101100010101100010101100
10110011110110011110110011110
10111001011111001011111001011
1000000000111110101010100111
100100011000000000110010111
10001001001101010001111110
10011011000110100111011000
1011110111010010010000001
10111101100001110011001001110111010
10110011011110101011011101111100011
100111101101111111011000001101110
10110010111010100111111110111
10000111010000111010011001110
10001101011001101011010100001
10110011101110000111001001
10000110100100000101010111
10011010110101011111001010
10011000010111100011001110
100111110110011011011011001
101111110101001101011011100110
10110001001011000100001111001000
10000111011011100110011111110
101111110111011001011011010100
10110001000001111101011101101101
10111111011101111101100011010
100011010110011011001111000
10111111010101111111000010111
1011000100001110111100000111011
100001011000011011001111001
100000110000001101001111000
10110110110101111111001101011
10011111010101101010001000001
101111001000000011000011100000
10111011110001101010001111000
1000001100001111101111111110
10011001111111110010001101101101
101101101110000111011011100000
100110010110100000111001110
10111111101100100111110000
1011001010000110011110000
1011001010000110011101101
1011111100001011011110000
100110101000101011111111110
10111001100111101010111111111011000
101101010000010010101001101
1000011011100111011101011000001010
10110001001110111110001111110110001
10111111011000111011101011000001010
10110011011111111011000111111011000
1000011011101110011001111000100111
101100101110010010011010100
1000011011100111110100001110111010
1001111011011100010011111110110000
10110001001111100000101001111100011
10110001001111100000101001111100011
10111001100111100110111101010110111
101111101111100011011000110
10000001000110111011111101100
10110000010101111101100011111011001
10011111000110101011011111110110001
1011111011001111100100110010111011
10011111000110101011011111110110001
10110000101111000010111111001000
100011000001100011110100
1000011001100100111110100
101100100100101100001000
101111010100110000110001
100001111000110011101101
10000101110110000111111110
100110101000001011101111000
101111110111011001011110011000
10110101011011101111001111110111
101111110111011001011011010100
1000011101101111111000010111
100001011000100000101100001
100111001100111100111111110
1011111101110100000101000001
101101010110010100001010100001
100000110000011011000110110
101101101110011001011011001010
100111101100000111011010100010
101110111100110011000011111011
101101101110011001011110011000
101111001000001101011011001011
101110000011000111011011001011
10110110110101100101000010111
10111111011111001100000010111
100110000100011110010110
1011001010001100011110000
1000011000010001001110
10110110011111110011001001
1011001110110010010010001
1001111000110010010010001
10111111011101111101100011010
101101101110010100000011100110
101101101100010100010011001011
10111111011111001100000010111
100110010100100000101010111
101111011001000011000010100010
10110000101011011011011111110111
101101101101010100010011001011
10001011100101101010111100110110
10011110110011110110011101101101
100111110101000111011010100001
10110101010111110010001100001010
10011111000011000100000111101100
10011110110011101111011111110111
100111110101010100000011100110
101111110111010100001011100110
1001010111111000010001100
10001101100110000111011001
10000011000000111011010100000
1000011001100100111110100
1011110101001100011110000
10110011101110000111001001
1011010111110010100001100
101110000100011110011000
10110110011111111011111100
101110000100110000001000
101111111000011110010110
10011000011111111011100001
100111111100110000101111001
100111110101000111011010100001
101110111101010100001011100110
101110111100011001011011010100
100111001100011011011111110
100101000100110000100110110
101100001010010100001010100010
101111110101011111110011111011
10010010001111000100001110000010
10011111000001111011001111001000
101101101100011001011011100110
101101101100011001011011001010
100101011011111000001001100110110
101100000101001001000010110101011
101110111101011001010011111110
1001010000001111101101000001
1001111000111000010001100
10110110011111110011001001
1011111110110101110001111
1011110101001100011110100
1011111110110101110001111
101100110001101100111001010
10111111011101111111001100001
1001111011001111110111000101100
100110010110101011111011001
1011110101000010010110
1001111000110010010010001
10000110101101100111100001
10110000101111011011001101101101
1011011011101111110101001101011
1001010000001111101100110110
100110101100011000010110
10001101101111110011001001
1011010111111101000110001
101111011001010100001011100110
101101101110010100000011100110
10111000001011101111001111110101
1011111100111101000110001
10110110011111110011001001
10001100011110100001110
10011000010111100011111110
10001101100110000111011001
101111010011101101010011
10001011000100010110001
10001011000100010110001
1000011001100100111110100
101100100100101100001000
101101011100011000011000
1001010111111000010001100
100111110110111100011011001
100110101000001101001101011
10110001000111000010111101010110
10110011011011010101011100010000
1011011011001111110111010100010
100110010100100000111011001
1000010110001111101100011010
100111110101010100000011100110
100111001100111100001111001
10110011011011100000100111101100
10110001001011110010001110000011
101101101100010100010010100000
1000110101101101010000010111
101111101100001010110100111110000
10111001100011000010111100001010
101111110111010100010011001010
1011111110110101110001111
101111010011101101010011
10111000011100101011110101
100010110000110011101101
100001011111001100001000001
1011001010110101110001100
100111000000011011001111001
10111111011101111111001100001
101101101110010100001011100000
100100000100011110010001
10000110101101011111110101
1000011110110001010110
10000110101101011111110101
1011000100001111011001000011000
1011110010001101101101001101011
10111111010101110011000010111
100110010101101100111010111
100101000100100000101111001
100111110111100101011110101
10110110110101100101000010111
101100001011000011000010100001
101101010110000011000010100000
101101100100011000010001
1011100001110010010001000
1001101011111111100001111
10000110100111100011001110
1001100101001111101101101011
1001111000110101110001100
10011010110101011111001110
10010100010010100000011100000
1011111110110101110001111
10011110000111100111001010
10111111101101011111100001
1011001010111111000001100
100110101000001101001000001
10001101011011001010011010100
101111110111010100001010100000
10110001000111100000101111001000
101111110101001101011011100110
100110101000001011101111001
10000101110111100111010111
100110010110001011100110110
10000110101101100111001010
10111011001001111011001110000011
10111001100011010101101101101110
101111110111011001011011010100
1001100101001111101101101011
101111001001001001000110110000010
10110101010111101100111111001000
1001100101001101010000011010
10001101011000111011011001011
10000101100000011000010100000
10110110010111100011001110
1011111100110101110001100
10111111100100000111011001
10011110000110000111001110
1001101011110010100001100
100101000010001101001111001
101100001010010100010011001010
10011111110110110010001111
100111000000101011111100001
100101000010001101001111001
100101000010001101001111001
101100001010000011000011001011
100111110101010100001110011000
10111111011101100101000011010
10111011110101101010000011010
1000001100001111101101101011
10111111010111001100001000001
100111110101011001011011111110
101110111100011100110011111011
101101101110010100001011100000
100111000000011011001111001
10010000010101011111001010
10010000010101011111001010
10001101100111100111100001
101100110000100000101111001
1001101011111111100001111
10011000010111100011111110
1001110000001111111001000001
1011010111110010100001100
1011110101001100011110000
10000111100011000010110
10110110111011110110011110111100
10001101011011001010011010100
10000101100011100110011001010
10010100001110011000011111110
10001101101101100111001010
101100111000101100001000
10110010100011000001110
100110010110001011100110110
100111001100001101001101011
100110010100100000101111000
100111001100001101001101011
100111110110011011011011001
1001100101111001100001000001
101111110101001101011011100110
1001010000001101010000011010
1001101010011001100001000001
1001110000001111111001100001
10001101100001101001111001
10011110000110000111001110
10011110010110000111111110
10011000010001101001010111
10001101100001011101111000
10011000010100000111011001
1001111101011111110101010100010
1011110010000111110101000111011
1001111100101111110111010100000
100111110110101011111100001
1001010001011001100001100001
1000011101101110011000010111
1001010000001111101101111000
101111110101010100000011111110
101111110111011001011011111011
1001010001011001100001100001
101101101101011001011011111011
101101101100001101011011010100
101101101101011001011011111011
100101000100001011101010111
101101101100001101011011010100
100111110101010100001110011000
100110010110001011101101011
10010100010011100110011111011
100111000000001101001010111
100111110110011011011011001
10110110111011110110011111110101
1011101111011111110101010100010
10010000010011011001111001
1011111110110101110001111
10110110011111111011001010
10111000001101111100101101101100
10111001100011000100001100001011
10110110011111111011001010
10001101100110000101010111
1011001100001111101100011010
10010100010011001011010100000
10010100001110011000011111110
101111110101011010100011111110
101111110101011010100011111011
1000010110001111101100011010
1001010000101111111000011010
1000011101101111111000010111
10000111011011100110110011000
1000110101101101010000010111
1000110101101101010000010111
1001010001011001100000011010
1001101011111111100001111
1011100001110010010001000
101110000100011110010001
1011001010111111000011000
101110000100011110010001
10111000011100101011110101
1011001010110101110001100
10111000011100101011110101
101110000100011110011000
10000111100110000110001
101110111101000111011011010100
10000101110111100111001010
10010010001111001101101101010101
10011010101101111100111100010000
10001011101101101010111101010100
10110101010111110010001111011001
10011001111111101100100111101100
10110000010011010101001110000010
10011001111111101100111101010110
10001011101101111100001100010001
10010010000101100000101101010101
10001011101101100111111110011000
10110000101111011011001111110101
10011000001011000100000111110010
10111011001111100000111110111100
10011111001001111101011111110111
10011001111111101100101110000010
10111011001011100000100111110010
10000011000010100001011100000
10011010110101011111001010
1011001110111000010010110
101110000100011110011000
10110011101110000111001001
10110101111100101011111100
1001110000001111111000010111
10011100110011001010110011000
101100100100101100010001
10110101111100101011111100
10110101111100101011111100
10011110001101100101111001
100111111100110000101111000
100101000100001101000110110
100101000100001101001101011
100111001100111100111011001
100111000000111100111111110
100111000001101011111001010
100111111101111111011001010
1000011010111000010001111
1000011010111000010001111
1000010111110010100001111
101111110011110100001110
101100111000101100001000
101100111000101100001000
101100101000110000001000
101100100111101101001110
1000101100110001010011
1000101100110001010011
1000101100110001010011
10111101000011100110111
100101001111101010001110001
100001111000110011101101
100110010100001011100110110
10110000101011011011001110111101
10111100100011000010101101101101
10111001100011000100001101010110
1011000010101110111100000111011
1011101111011111110101010100010
10110101011011011011001110111101
1011000010101110111100000111011
10111001100011000010111100001010
10111000001011010101101111011001
10110001000001111100100111110101
10000111011010100000110011000
1011011011001111110111010100010
101111110101001101011011100110
10000011000010100001011100000
1011000010101110111100000111011
10011111001011000010101110111100
1011111101011111110111010100010
1011001010111111000010110
1000010000110001000010
1001100010110001001110
100011000001100011110100
101111000011110000001110
1001100010110001001110
1011101101111011010110001
10001110001110000010
1011110101001100011110100
1000110001111010011110000
1011110101001100011110100
10011110001100101011100001
101101100100011000011000
101101100100011000011000
10011111001101111100101101101100
10111011001011110110011110111100
10110101010101111101011101101101
10011001111111010101100111110010
10110000010011000010111111001000
10011001111111010101100111110010
1011110010001101101101001101011
1000110101101111101101111000
100101000100001011101010111
100101000100001011101010111
100110010100100000101010111
100111000000011011001111001
100110010100100000101010111
1001010000001111101100110110
1001010001011001100000011010
1001010001011001100000011010
1001111101011101101101000111011
10011111001011000010101110111100
10001011101101001000010100100011
10011101110101110011001001010110111
1011111011000111110110010100100000
10010101101111101010111111110010010
101111001001001001000001100000100
1011111011000111110110010100100001
10010101101111101010111111110010010
1011010101111111101100010010111011
10011101110100111110001111110010011
10110001001111110011001011010101111
1011100110010010101101110010111001
1001010110111111110110010100100001
1011001101111111101100010010111001
10011101110100111110001111110010011
10011111010000101011011111111011001
1011110110001111110110000010111011
10110101011111111011000111110010010
10110101011111111011000111110010010
10011001111111000100101101010101
10111000001101111100100111110101
10000111011000111011010100010
10011001011011001011011001010
10011100110011100110011010100
10000111011000111011010100010
10111101100111110110011110111100
10111011110111101111011111110111
10010100010010100000011100110
10011100110011001010110011000
10001101011010100001011001011
10110000101011011011000111110101
1001010110111111100100110100100000
1001010110111111100100110100100000
1001111110000110111001110111010
10011100011111110110011100110010
100000011100010011111010101111
10111101111110011001101111100011
1000100111111110110011001101111
1011000110010100110101110111010
101101010000000111011011111
1001111110000100111110110000
1001111110000100111110110000
101111100000000111000100111
101100110010100100111100110011
10010100111110001100111101101
100100011011010100000001
10110110100000011110010011
101110011111111101110010101
10000000001100110010010101
1011111000111111011110111
10110101001101010001111110
10001010100101010010101
10111101111111011111101110
1001110001011100010010101
10001010101110001000001
10001010101110001000001
101101010011001100111000110
10001001001101010011000110
1011111000111111011110111
101101010011111000010011
10111110111000011111111100
10001001001101010011000110
101101010011111000010011
1011111000111111011000110
101100110010010010001110001
100000111111001100111010100
100000111111001100111010100
100000111111001100111010100
10110101001101010001111110
10111110111111110111110011001
1001110000101110000100001111
10111110111111110111111110111
10001001000010010000100100
10110011001110011001110011001
10110101001101010011010100
10111110011111001111100
10111110011111001111100
10110101001101010001111110
1001110000101110000100001111
1011010100111110001110001
1001111110011100010010101
1011000110001010101001001
1011000110001010101001001
101111001001101111100001100010001
100111110001101001000000110011111
1011000001010111100100110100100011
1001110111010110101011110101011010
1011100110010111110110000100100001
1001111100011111110110011100000100
10111101100000101011011111110010010
1011100110011111001100100010111001
1011000100111011111000110010111001
1011000100111110000010100010111011
1011000100111011111000110010111001
1011100110011111001100100010111001
1001010011010111110100001010110111
1001010011011111011000011111011000
1000011011100111011101011110110001
10110001001111110011001011010101111
10011111000110101011011111110110001
10011101110100111011101001110111010
10011111000110111110001101111100011
10011111010000111110100001111101000
10011111000110111110001101111100011
10111001100101110011001011000001010
10111001100101110011001011000001010
10110000010101110011001011010101111
10110110111111111011000011001101111
10110000010100111110001111111011001
10011101110101110011001001010110111
10011111000110101011011111110010011
10111001100101100110111101111100011
10010101101111101010111111111011000
10011111000110101011011111110110001
10110011011111100000101001010110111
10010101101111101010111111111011000
10010101101111101010111111111011000
10110101011111101010111111111011000
10001011101100101110110100100001
1011111011000111110110000010111001
10010010000001001000000101011010
10001011101100101110110010111011
10111110110011111101100111111011001
10111100100101111001001011110010010
10010010000001001000000100100000
10001011101100101110110010111011
10010010000101001000010100100001
10110000010011000001001100110110
10110000010011000001001100110110
10110011011001100000101100010010
10011010101111000001001100110110
10110001001001111100111110110010
10110001001001111100111110110010
101111110111010100001010100000
101111110111010100001011100110
10000101100011100110011001010
101111110101010100010011001011
100111110101000011000000111011
101101101101001101011010100000
101111110111010100001010100000
10000111011011001011011010100
10110110111011101111011111110101
100111110101000011000010100010
101101101101001101011010100010
101111110111010100001011100110
101111110111010100001010100000
101111110101010100010011001011
101111110101010100010010100001
10000111011001101011010100001
10000111011000111011000111011
10011100110011100110010100000
10011001011011001011010100001
10010100001010100001010100001
10011001011011001011011001011
10011001011011001011011001010
10010100001010100001011001011
10011100110011100110011010100
10010100000010100000011100110
10011001010011001010110011000
10010100010010100010010100000
10011001011011001011011001010
10010100010010100010010100010
10011001011011001011011001011
10011001010011001010011001010
10010100000010100000010100000
10010100010010100010010100010
10010100000010100000010100000
10010100010010100010010100010
10000011000000011000000011000
1000001100011101111011111110101
10011001011010100010010100001
10011001011010100000010100010
100011010110001110111111110111
1000011101111111101011111110111
100001011001111110111000011000
10111011110111101111011110111101
10111011110011101111001110111100
10110101011011010101100111110010
10111100100011110010001110000011
10111100100011010101101101101100
10111011001111100000100111101100
10110011011011010101001110110010
10110011011011010101000111110011
10011111001011011011001110000011
10111100100011110010001100001011
10011110110011100000110111101100
10111000001111100000111111001000
10011111001011011011001110000011
10011111001001111100101101010110
10011111001111101100101100010010
100010111011010101101011110010010
10011001111111010101000110011111
10110001000111100110001101010100
10111001100011100000101110011000
10111000001011110010001110000010
10011110110011100000110111101100
10111100100001111100101110000011
10110101011011000010101101010110
10111100100001111100101111001000
10011111001001111100101101010110
10110101011011010101100111101100
10110000101011000010101110000011
10110000101011000010101110000011
10011110110001111011000111101100
10110110110011011011001101101100
10111000001111100000111110000011
10111000001111100000111110000011
10011111001001111100100111110010
10011110110001111011000111101100
10110101010111010101011101010101
10110011011011001101101100110110
10110001001011000100101100010010
10011001111101100111110110011111
10011110110001111011001110000010
10110001000011000100001100010000
10110101011011010101101101010110
10111100100011110010001111001000
10110101011011010101101101010110
10111100100011110010001111001000
10110110110001111100101101101110
10011110110011000100001110000010
10111000001011000100001110011000
10110000101111100000101110110011
10111100100011100000101100001011
10110000101111101100111100010000
10110101010111010101011101010101
10110000101111000010111100001011
10111011001111101100111110110011
10011110110001111011001101010110
10111000001101111100101101101100
10111100100011010101100111110010
10110000101111000010100111110010
10110000101111000010100111110010
10010100010010100000000011000
10010100000010100001000011000
10010100010010100000000011000
10010100000010100001000011000
100011010110101000011111110111
100101000010101000101111110111
10010100010010100000000011000
10010100010010100000000011000
100011010110101000011111110111
100011010110101000011111110111
10010100010010100000000011000
10010100010010100000000011000
10010100010010100000000011000
10010100001010100001000101100
10010100010010100000000011000
10010100001010100001000101100
10010100001010100001000101100
10010100001010100001000101100
10010100001010100001000101100
10010100000010100000010100010
10010100000010100000010100010
10011001011011001011010100001
10011001011011001011010100001
10011001011011001011010100001
10011001011011001011010100001
10011001011011001011010100001
10011100110011100110010100000
10011001011011001011010100001
10010100001010100001000101100
10010100001010100001000101100
10010100000011001011000111011
10011001011011001011010100001
10010100010010100010000111011
10001101011001101011000011000
100001110110001110111111110111
100001110110001110111111110111
100000110000000110001111110101
10111111011111111101111110111101
10111011110111101111011110111100
10111011110111101111011110111100
10111011110011101111001111011001
10111011110011101111001111011001
10011111010101111101011101101110
10111101100111110110011100001010
10110110110011011011000111110010
10110110110011011011001101101100
10110000101011000010101100001010
10110110110011011011001101101100
10111100100001111100101111001000
10111100100001111100101111001000
100101000100011010111111110101
100101000100011010111111110101
100101000100011010111110111101
100011010110001110111101101101
100011010110001110111101101101
100001011000000110001110111100
100011010110001110111101101101
100101000100011010111110111101
100001110110011010111101101101
100001110110011010111101101101
100001110110011010111101101101
100001110110011010111101101101
100001011000101000101111110101
100001011000101000101111110101
100001011000101000101111110101
100001011000101000101111110101
100001110110001110111111110111
100001110110001110111111110111
100001110110001110111111110111
10001101011001101011000011000
10001101011001101011000011000
10010100010010100010000111011
10010100010010100010000111011
10010100010010100010000111011
100001011000101000101111110101
100011010110101000011111110111
10010100010010100000000011000
100011010110101000011111110111
100001110110011010111110111101
100001110110011010111110111101
100001110110011010111110111101
100011010110101000011111110111
100001110110001110111111110111
100000110000000110001111110101
10111111011111111101111110111101
10111111011111111101111110111101
10111111011111111101111110111101
10111011110111101111011110111100
10110110110111011011010111110101
10111011110011101111001111011001
10111011110011101111001111011001
10111011110011101111001111011001
10011111010101111101011101101110
10011111010101111101011101101110
10110110110011011011000111110010
10110110110011011011000111110010
10110000101011000010101110000011
10110110110011011011000111110010
10110000101011000010101110000011
10110000101011000010101110000011

